0.5     29.47     48.02     29.47     0.0     38.18     9.84
1.0     27.7     46.09     27.7     0.0     37.16     8.93
1.5     26.8     45.21     26.8     0.0     36.86     8.35
2.0     25.92     44.03     25.92     0.0     35.95     8.08
2.5     25.53     42.55     25.53     0.0     34.38     8.17
3.0     26.2     45.72     26.2     0.0     37.03     8.69
3.5     25.42     43.96     25.42     0.0     35.7     8.26
4.0     26.56     44.46     26.56     0.0     36.09     8.37
4.5     26.38     45.08     26.38     0.0     36.56     8.52
5.0     25.99     44.79     25.99     0.0     36.03     8.76
5.5     26.64     44.58     26.64     0.0     36.02     8.56
6.0     26.48     44.38     26.48     0.0     36.34     8.04
6.5     27.15     43.95     27.15     0.0     35.34     8.61
7.0     26.32     43.66     26.31     0.01     35.46     8.2
7.5     26.8     44.65     26.67     0.13     36.22     8.34
8.0     26.96     44.91     26.44     0.52     36.23     8.35
8.5     28.46     45.97     27.26     1.2     35.3     9.91
9.0     28.97     49.06     27.14     1.83     35.92     11.83
9.5     31.63     50.96     28.53     3.1     35.96     12.86
10.0     32.91     53.86     29.01     3.9     36.18     14.68
