15       3
17       2
17       3
19       1
19       1
19       2
19       2
19       3
19       3
19       4
19       4
21       0
21       0
21       1
21       1
21       2
21       2
21       3
21       3
21       4
21       4
21       5
23       0
23       0
23       1
23       1
23       2
23       2
23       3
23       4
23       5
23       6
23       7
23       7
23       7
23       7
23       7
23       8
23       8
23       8
23       8
23       8
23       8
23       8
23       8
23       8
23       8
23       8
23       8
23       8
23       8
23       8
23       8
23       8
23       8
23       8
23       8
23       8
23       8
23       8
23       8
23       8
23       8
23       8
23       8
23       8
23       8
23       8
23       8
23       8
24       0
24       1
24       1
24       2
24       3
24       4
24       5
24       6
24       6
24       6
24       6
24       6
24       6
24       6
24       6
24       6
24       7
24       7
24       7
24       7
24       7
24       7
24       7
24       7
24       7
24       8
24       8
24       8
24       8
24       8
24       8
24       8
24       8
24       8
24       8
24       8
24       8
24       8
24       8
24       8
24       8
24       8
24       8
24       8
24       8
24       8
24       8
24       8
24       8
24       8
24       8
24       8
24       8
24       8
24       8
24       8
24       8
24       8
24       8
24       8
24       8
24       8
24       8
24       8
24       8
24       8
24       8
24       8
24       8
24       8
24       8
24       8
24       8
24       8
24       8
24       8
24       8
24       8
24       8
24       8
24       8
24       8
24       8
24       8
24       8
24       8
24       8
24       8
24       8
24       8
24       8
24       9
24       9
24       9
24       9
24       9
24       9
24       9
24       9
24       9
24       9
24       9
24       9
24       9
24       9
24       9
24       9
24       9
24       9
24       9
24       9
24       9
24       9
24       9
24       9
24       9
24       9
24       9
24       9
24       9
24       9
24       9
24       9
24       9
26       5
26       5
26       5
26       5
26       6
26       6
26       6
26       6
26       7
26       7
26       7
26       7
26       8
26       8
26       8
26       8
26       8
26       8
26       8
26       8
26       8
26       8
26       8
26       8
26       8
26       8
26       8
26       8
26       8
26       8
26       8
26       8
26       8
26       8
26       8
26       8
26       8
26       8
26       8
26       8
26       8
26       8
26       8
26       8
26       8
26       9
26       9
26       9
26       9
26       9
26       9
26       9
26       9
26       9
26       9
26       9
26       9
26       9
26       9
26       9
26       9
26       9
26       9
26       9
26       9
26       9
26       9
26       9
26       9
26       9
26       9
26       9
26       9
26       9
26       9
26       9
26       9
26       9
26       10
26       10
26       10
26       10
26       10
26       10
26       10
26       10
26       10
26       10
26       10
26       10
26       10
26       10
26       10
26       10
26       10
26       10
26       10
28       1
28       2
28       3
28       3
28       3
28       3
28       3
28       4
28       4
28       4
28       4
28       4
28       4
28       4
28       4
28       4
28       5
28       5
28       5
28       5
28       5
28       5
28       5
28       5
28       5
28       6
28       6
28       6
28       6
28       6
28       6
28       6
28       6
28       6
28       7
28       7
28       7
28       7
28       7
28       7
28       7
28       7
28       7
28       8
28       8
28       8
28       8
28       8
28       8
28       8
28       8
28       8
28       8
28       8
28       8
28       8
28       8
28       8
28       8
28       8
28       8
28       8
28       8
28       8
28       8
28       8
28       8
28       8
28       8
28       8
28       8
28       8
28       8
28       8
28       8
28       8
28       8
28       8
28       8
28       8
28       8
28       8
28       8
28       8
28       8
28       8
28       8
28       8
28       8
28       8
28       8
28       8
28       8
28       8
28       8
28       8
28       9
28       9
28       9
28       9
28       9
28       9
28       9
28       9
28       9
28       9
28       9
28       9
28       9
28       9
28       9
28       9
28       9
28       9
28       9
28       9
28       9
28       9
28       9
28       9
28       9
28       9
28       9
28       9
28       9
28       9
28       9
28       9
28       9
28       9
28       9
28       9
28       9
28       9
28       9
28       10
28       10
28       10
28       10
28       10
28       10
28       10
28       10
28       10
28       10
28       10
28       10
28       10
28       10
28       10
28       10
28       10
28       10
28       10
28       10
28       10
28       10
28       10
28       10
28       10
28       10
28       10
28       10
28       10
28       10
28       10
28       10
28       10
28       10
28       10
28       10
28       10
28       10
28       10
28       11
28       11
28       11
28       11
28       11
28       11
28       11
28       11
28       11
28       11
28       11
28       11
28       11
28       11
28       11
28       11
28       11
28       11
28       11
28       11
28       11
28       11
28       11
28       11
28       11
28       11
28       11
28       11
28       11
28       11
28       11
28       11
28       11
28       11
28       11
28       11
28       11
28       11
28       11
28       12
28       12
28       12
28       12
28       12
28       12
28       12
28       12
28       12
28       12
28       12
28       12
28       12
28       12
28       12
28       12
28       12
28       12
28       12
28       13
28       13
28       13
28       13
28       13
28       13
28       13
28       13
28       13
28       13
28       13
28       13
28       13
28       13
28       13
30       1
30       2
30       2
30       2
30       2
30       2
30       3
30       3
30       3
30       3
30       3
30       3
30       3
30       3
30       3
30       4
30       4
30       4
30       4
30       4
30       4
30       4
30       4
30       4
30       5
30       5
30       5
30       5
30       5
30       5
30       5
30       5
30       5
30       6
30       6
30       6
30       6
30       6
30       6
30       6
30       6
30       6
30       7
30       7
30       7
30       7
30       7
30       7
30       7
30       7
30       7
30       7
30       7
30       7
30       7
30       7
30       7
30       7
30       7
30       7
30       7
30       7
30       8
30       8
30       8
30       8
30       8
30       8
30       8
30       8
30       8
30       8
30       8
30       8
30       8
30       8
30       8
30       8
30       8
30       8
30       8
30       8
30       8
30       8
30       8
30       8
30       8
30       8
30       8
30       8
30       8
30       8
30       8
30       8
30       8
30       8
30       8
30       8
30       8
30       8
30       8
30       9
30       9
30       9
30       9
30       9
30       9
30       9
30       9
30       9
30       9
30       9
30       9
30       9
30       9
30       9
30       9
30       9
30       9
30       9
30       9
30       9
30       9
30       9
30       9
30       9
30       9
30       9
30       9
30       9
30       9
30       9
30       9
30       9
30       9
30       9
30       9
30       9
30       9
30       9
30       10
30       10
30       10
30       10
30       10
30       10
30       10
30       10
30       10
30       10
30       10
30       10
30       10
30       10
30       10
30       10
30       10
30       10
30       10
30       10
30       10
30       10
30       10
30       10
30       10
30       10
30       10
30       10
30       10
30       10
30       10
30       10
30       10
30       10
30       10
30       10
30       10
30       10
30       10
30       11
30       11
30       11
30       11
30       11
30       11
30       11
30       11
30       11
30       11
30       11
30       11
30       11
30       11
30       11
30       11
30       11
30       11
30       11
30       11
30       11
30       11
30       11
30       11
30       11
30       11
30       11
30       11
30       11
30       11
30       11
30       11
30       11
30       11
30       11
30       12
30       12
30       12
30       12
30       12
30       12
30       12
30       12
30       12
30       12
30       12
30       12
30       12
30       12
30       12
30       12
30       12
30       12
30       12
30       12
30       12
30       12
30       12
30       12
30       12
30       12
30       12
30       12
30       12
30       12
30       13
30       13
30       13
30       13
30       13
30       13
30       13
30       13
30       13
30       13
30       13
30       13
30       13
30       13
30       13
30       13
30       13
30       13
30       13
30       13
30       13
30       13
30       13
30       13
30       13
30       13
30       13
30       13
30       13
30       13
30       14
30       14
30       14
30       14
30       14
30       14
30       14
30       14
30       14
30       14
30       14
30       14
30       14
30       14
30       14
30       14
30       14
30       14
30       14
30       14
30       14
30       14
30       14
30       14
30       14
30       14
30       14
30       14
30       14
30       14
30       15
30       15
30       15
30       15
30       15
30       15
30       15
30       15
30       15
30       15
30       15
30       15
30       15
30       15
30       15
30       15
30       15
30       15
30       15
30       15
30       15
30       15
30       15
30       15
30       15
30       15
30       15
30       15
30       15
30       15
30       15
30       15
30       15
30       15
30       15
30       15
30       15
30       15
30       15
30       15
30       15
30       15
30       15
30       15
30       15
30       15
30       15
30       15
30       15
30       15
30       15
30       15
30       15
30       15
30       15
30       15
30       15
30       15
30       15
30       15
30       15
30       15
30       15
30       15
30       15
30       15
30       15
30       15
30       15
30       15
30       15
30       15
30       15
30       15
30       15
30       15
30       15
30       15
30       15
30       15
30       15
30       15
30       15
30       15
30       15
30       15
30       15
30       15
30       15
30       15
30       15
30       15
30       15
30       15
30       15
30       15
30       15
30       15
30       15
30       15
30       15
30       15
30       15
30       15
30       15
30       15
30       15
30       15
30       15
30       15
30       15
30       15
30       15
30       15
30       15
30       15
30       15
30       15
30       15
30       15
30       15
30       15
30       15
30       15
30       15
30       15
30       15
30       15
30       15
30       15
30       15
30       15
30       15
30       15
30       15
30       15
30       15
30       15
30       15
30       15
30       15
30       15
30       15
30       15
30       15
30       15
30       15
30       15
30       15
30       15
30       15
30       15
30       15
30       15
30       15
30       15
30       15
30       15
30       15
30       15
30       15
30       15
30       15
30       15
30       15
30       15
30       15
30       15
30       15
30       15
30       15
30       15
30       15
30       15
30       15
30       15
30       15
30       15
30       15
30       15
30       15
30       15
30       15
30       15
30       15
30       15
30       15
30       15
30       15
30       15
30       15
30       15
30       15
30       15
30       15
30       15
30       15
30       15
30       15
30       15
30       15
30       15
30       15
30       15
30       15
30       15
30       15
30       15
30       15
30       15
30       15
30       15
30       15
30       15
30       15
30       15
30       15
30       15
30       15
30       15
30       15
30       15
30       15
30       15
30       15
30       15
30       15
30       15
30       15
30       15
30       15
30       15
30       15
30       15
30       15
30       15
30       15
30       15
30       15
30       15
30       15
30       15
30       15
30       15
30       15
30       15
30       15
30       15
30       15
30       15
30       15
30       15
30       15
30       15
30       15
30       15
30       15
30       15
30       15
30       15
30       15
30       15
30       15
30       15
30       15
30       15
30       15
30       15
30       15
30       15
30       15
30       15
30       15
30       15
30       15
30       15
30       15
30       15
30       15
30       15
30       15
30       15
30       15
30       15
30       15
30       15
30       15
30       15
30       15
30       15
30       15
30       15
30       15
30       15
30       15
30       15
30       15
30       15
30       15
30       15
30       15
30       15
30       15
30       15
30       15
30       15
30       15
30       15
30       15
30       15
30       15
30       15
30       15
30       15
30       15
30       15
30       15
30       15
30       15
30       15
30       15
30       15
30       15
30       15
30       15
30       15
30       15
30       15
30       15
30       15
30       15
30       15
30       15
30       15
30       15
30       15
30       15
30       15
30       15
30       15
30       15
30       15
30       15
30       15
30       15
30       15
30       15
30       15
30       15
30       15
30       15
30       15
30       15
30       15
30       15
30       15
30       15
30       15
30       15
30       15
30       15
30       15
30       15
30       15
30       15
30       15
30       15
30       15
30       15
30       15
30       15
30       15
30       15
30       15
30       15
30       15
30       15
30       15
30       15
30       15
30       15
30       15
30       15
30       15
30       15
30       15
30       15
30       15
30       15
30       15
30       15
30       15
30       15
30       15
30       15
30       15
30       15
32       1
32       1
32       1
32       1
32       1
32       1
32       1
32       1
32       1
32       2
32       2
32       2
32       2
32       2
32       2
32       2
32       2
32       2
32       3
32       3
32       3
32       3
32       3
32       3
32       3
32       3
32       3
32       4
32       4
32       4
32       4
32       4
32       4
32       4
32       4
32       4
32       5
32       5
32       5
32       5
32       5
32       5
32       5
32       5
32       5
32       5
32       5
32       5
32       5
32       5
32       6
32       6
32       6
32       6
32       6
32       6
32       6
32       6
32       6
32       6
32       6
32       6
32       6
32       6
32       6
32       6
32       6
32       6
32       6
32       6
32       7
32       7
32       7
32       7
32       7
32       7
32       7
32       7
32       7
32       7
32       7
32       7
32       7
32       7
32       7
32       7
32       7
32       7
32       7
32       7
32       8
32       8
32       8
32       8
32       8
32       8
32       8
32       8
32       8
32       8
32       8
32       8
32       8
32       8
32       8
32       8
32       8
32       8
32       8
32       8
32       8
32       8
32       8
32       8
32       8
32       8
32       8
32       8
32       8
32       8
32       8
32       8
32       8
32       8
32       8
32       8
32       8
32       8
32       8
32       9
32       9
32       9
32       9
32       9
32       9
32       9
32       9
32       9
32       9
32       9
32       9
32       9
32       9
32       9
32       9
32       9
32       9
32       9
32       9
32       9
32       9
32       9
32       9
32       9
32       9
32       9
32       9
32       9
32       9
32       9
32       9
32       9
32       9
32       9
32       9
32       9
32       9
32       9
32       10
32       10
32       10
32       10
32       10
32       10
32       10
32       10
32       10
32       10
32       10
32       10
32       10
32       10
32       10
32       10
32       10
32       10
32       10
32       10
32       10
32       10
32       10
32       10
32       10
32       10
32       10
32       10
32       10
32       10
32       10
32       10
32       10
32       10
32       10
32       11
32       11
32       11
32       11
32       11
32       11
32       11
32       11
32       11
32       11
32       11
32       11
32       11
32       11
32       11
32       11
32       11
32       11
32       11
32       11
32       11
32       11
32       11
32       11
32       11
32       11
32       11
32       11
32       11
32       11
32       12
32       12
32       12
32       12
32       12
32       12
32       12
32       12
32       12
32       12
32       12
32       12
32       12
32       12
32       12
32       12
32       12
32       12
32       12
32       12
32       12
32       12
32       12
32       12
32       12
32       12
32       12
32       12
32       12
32       12
32       13
32       13
32       13
32       13
32       13
32       13
32       13
32       13
32       13
32       13
32       13
32       13
32       13
32       13
32       13
32       13
32       13
32       13
32       13
32       13
32       13
32       13
32       13
32       13
32       13
32       13
32       13
32       13
32       13
32       13
32       14
32       14
32       14
32       14
32       14
32       14
32       14
32       14
32       14
32       14
32       14
32       14
32       14
32       14
32       14
32       14
32       14
32       14
32       14
32       14
32       14
32       14
32       14
32       14
32       14
32       14
32       14
32       14
32       14
32       14
32       15
32       15
32       15
32       15
32       15
32       15
32       15
32       15
32       15
32       15
32       15
32       15
32       15
32       15
32       15
32       15
32       15
32       15
32       15
32       15
32       15
32       15
32       15
32       15
32       15
32       15
32       15
32       15
32       15
32       15
32       15
32       15
32       15
32       15
32       15
32       15
32       15
32       15
32       15
32       15
32       15
32       15
32       15
32       15
32       15
32       15
32       15
32       15
32       15
32       15
32       15
32       15
32       15
32       15
32       16
32       16
32       16
32       16
32       16
32       16
32       16
32       16
32       16
32       16
32       16
32       16
32       16
32       16
32       16
32       16
32       16
32       16
32       16
32       16
32       16
32       16
32       16
32       16
32       16
32       16
32       16
32       16
32       16
32       16
32       16
32       16
32       16
32       16
32       16
32       16
32       16
32       16
32       16
32       16
32       16
32       16
32       16
32       16
32       16
32       16
32       16
32       16
32       16
32       16
32       16
32       16
32       16
32       16
32       17
32       17
32       17
32       17
32       17
32       17
32       17
32       17
32       17
32       17
32       17
32       17
32       17
32       17
32       17
32       17
32       17
32       17
32       17
32       17
32       17
32       17
32       17
32       17
32       17
32       17
32       17
33       1
33       1
33       1
33       1
33       2
33       2
33       2
33       2
33       2
33       2
33       2
33       2
33       2
33       3
33       3
33       3
33       3
33       3
33       3
33       3
33       3
33       3
33       4
33       4
33       4
33       4
33       4
33       4
33       4
33       4
33       4
33       4
33       4
33       4
33       4
33       4
33       4
33       4
33       4
33       4
33       4
33       4
33       5
33       5
33       5
33       5
33       5
33       5
33       5
33       5
33       5
33       5
33       5
33       5
33       5
33       5
33       5
33       5
33       5
33       5
33       5
33       5
33       6
33       6
33       6
33       6
33       6
33       6
33       6
33       6
33       6
33       6
33       6
33       6
33       6
33       6
33       6
33       6
33       6
33       6
33       6
33       6
33       7
33       7
33       7
33       7
33       7
33       7
33       7
33       7
33       7
33       7
33       7
33       7
33       7
33       7
33       7
33       7
33       7
33       7
33       7
33       7
33       8
33       8
33       8
33       8
33       8
33       8
33       8
33       8
33       8
33       8
33       8
33       8
33       8
33       8
33       8
33       8
33       8
33       8
33       8
33       8
33       8
33       8
33       8
33       8
33       8
33       8
33       8
33       8
33       8
33       8
33       8
33       8
33       8
33       8
33       8
33       9
33       9
33       9
33       9
33       9
33       9
33       9
33       9
33       9
33       9
33       9
33       9
33       9
33       9
33       9
33       9
33       9
33       9
33       9
33       9
33       9
33       9
33       9
33       9
33       9
33       9
33       9
33       9
33       9
33       9
33       10
33       10
33       10
33       10
33       10
33       10
33       10
33       10
33       10
33       10
33       10
33       10
33       10
33       10
33       10
33       10
33       10
33       10
33       10
33       10
33       10
33       10
33       10
33       10
33       10
33       10
33       10
33       10
33       10
33       10
33       11
33       11
33       11
33       11
33       11
33       11
33       11
33       11
33       11
33       11
33       11
33       11
33       11
33       11
33       11
33       11
33       11
33       11
33       11
33       11
33       11
33       11
33       11
33       11
33       11
33       11
33       11
33       11
33       11
33       11
33       12
33       12
33       12
33       12
33       12
33       12
33       12
33       12
33       12
33       12
33       12
33       12
33       12
33       12
33       12
33       12
33       12
33       12
33       12
33       12
33       12
33       12
33       12
33       12
33       12
33       12
33       12
33       12
33       12
33       12
33       13
33       13
33       13
33       13
33       13
33       13
33       13
33       13
33       13
33       13
33       13
33       13
33       13
33       13
33       13
33       13
33       13
33       13
33       13
33       13
33       13
33       13
33       13
33       13
33       13
33       13
33       13
33       13
33       13
33       13
33       13
33       14
33       14
33       14
33       14
33       14
33       14
33       14
33       14
33       14
33       14
33       14
33       14
33       14
33       14
33       14
33       14
33       14
33       14
33       14
33       14
33       14
33       14
33       14
33       14
33       14
33       14
33       14
33       14
33       14
33       14
33       14
33       15
33       15
33       15
33       15
33       15
33       15
33       15
33       15
33       15
33       15
33       15
33       15
33       15
33       15
33       15
33       15
33       15
33       15
33       15
33       15
33       15
33       15
33       15
33       15
33       15
33       15
33       15
33       15
33       15
33       15
33       15
33       15
33       15
33       15
33       15
33       15
33       15
33       15
33       15
33       15
33       15
33       15
33       15
33       15
33       15
33       15
33       15
33       15
33       15
33       15
33       15
33       15
33       15
33       15
33       16
33       16
33       16
33       16
33       16
33       16
33       16
33       16
33       16
33       16
33       16
33       16
33       16
33       16
33       16
33       16
33       16
33       16
33       16
33       16
33       16
33       16
33       16
33       16
33       16
33       16
33       16
33       16
33       16
33       16
33       16
33       16
33       16
33       16
33       16
33       16
33       16
33       16
33       16
33       16
33       16
33       16
33       16
33       16
33       16
33       16
33       16
33       16
33       16
33       16
33       16
33       16
33       16
33       16
33       17
33       17
33       17
33       17
33       17
33       17
33       17
33       17
33       17
33       17
33       17
33       17
33       17
33       17
33       17
33       17
33       17
33       17
33       17
33       17
33       17
33       17
33       17
33       17
33       17
33       17
33       17
33       17
33       17
33       17
33       17
33       17
33       17
33       17
33       17
33       17
33       17
33       17
33       17
33       17
33       17
33       17
33       17
33       17
33       17
33       17
33       17
33       17
33       17
33       17
33       17
33       17
33       17
33       17
33       18
33       18
33       18
33       18
33       18
33       18
33       18
33       18
33       18
33       18
33       18
33       18
33       18
33       18
33       18
33       18
33       18
33       18
33       18
33       18
33       18
33       18
33       18
33       18
33       18
33       18
33       18
33       18
33       18
33       18
33       18
33       18
33       19
33       19
33       19
33       19
33       19
33       19
33       19
33       19
33       19
33       20
33       20
33       20
33       20
35       2
35       2
35       2
35       2
35       3
35       3
35       3
35       3
35       3
35       3
35       3
35       3
35       3
35       3
35       4
35       4
35       4
35       4
35       4
35       4
35       4
35       4
35       4
35       4
35       5
35       5
35       5
35       5
35       5
35       5
35       5
35       5
35       5
35       5
35       6
35       6
35       6
35       6
35       6
35       6
35       6
35       6
35       6
35       6
35       7
35       7
35       7
35       7
35       7
35       7
35       7
35       7
35       7
35       7
35       8
35       8
35       8
35       8
35       8
35       8
35       8
35       8
35       8
35       8
35       8
35       8
35       8
35       8
35       8
35       9
35       9
35       9
35       9
35       9
35       9
35       9
35       9
35       9
35       9
35       9
35       9
35       9
35       9
35       9
35       10
35       10
35       10
35       10
35       10
35       10
35       10
35       10
35       10
35       10
35       10
35       10
35       10
35       10
35       10
35       11
35       11
35       11
35       11
35       11
35       11
35       11
35       11
35       11
35       11
35       11
35       11
35       11
35       11
35       11
35       12
35       12
35       12
35       12
35       12
35       12
35       12
35       12
35       12
35       12
35       12
35       12
35       12
35       12
35       12
35       13
35       13
35       13
35       13
35       13
35       13
35       13
35       13
35       13
35       13
35       13
35       13
35       13
35       13
35       13
35       14
35       14
35       14
35       14
35       14
35       14
35       14
35       14
35       14
35       14
35       14
35       14
35       14
35       14
35       14
35       15
35       15
35       15
35       15
35       15
35       15
35       15
35       15
35       15
35       15
35       15
35       15
35       15
35       15
35       15
35       15
35       15
35       15
35       15
35       15
35       15
35       15
35       15
35       15
35       15
35       15
35       15
35       16
35       16
35       16
35       16
35       16
35       16
35       16
35       16
35       16
35       16
35       16
35       16
35       16
35       16
35       16
35       16
35       16
35       16
35       16
35       16
35       16
35       16
35       16
35       16
35       16
35       16
35       16
35       17
35       17
35       17
35       17
35       18
35       18
35       18
35       18
35       19
35       19
35       19
35       19
35       20
35       20
35       20
35       20
35       21
35       21
35       21
35       21
35       22
35       22
35       22
35       22
35       22
35       22
37       2
37       2
37       2
37       2
37       2
37       2
37       2
37       2
37       2
37       2
37       2
37       2
37       2
37       2
37       2
37       2
37       2
37       2
37       2
37       2
37       3
37       3
37       3
37       3
37       3
37       3
37       3
37       3
37       3
37       3
37       3
37       3
37       3
37       3
37       3
37       3
37       3
37       3
37       3
37       3
37       4
37       4
37       4
37       4
37       4
37       4
37       4
37       4
37       4
37       4
37       4
37       4
37       4
37       4
37       4
37       4
37       4
37       4
37       4
37       4
37       5
37       5
37       5
37       5
37       5
37       5
37       5
37       5
37       5
37       5
37       5
37       5
37       5
37       5
37       5
37       5
37       5
37       5
37       5
37       5
37       6
37       6
37       6
37       6
37       6
37       6
37       6
37       6
37       6
37       6
37       6
37       6
37       6
37       6
37       6
37       6
37       6
37       6
37       6
37       6
37       6
37       6
37       6
37       6
37       6
37       6
37       6
37       6
37       7
37       7
37       7
37       7
37       7
37       7
37       7
37       7
37       7
37       7
37       7
37       7
37       7
37       7
37       7
37       7
37       7
37       7
37       7
37       7
37       7
37       7
37       7
37       7
37       7
37       7
37       7
37       7
37       7
37       7
37       7
37       7
37       7
37       7
37       7
37       7
37       8
37       8
37       8
37       8
37       8
37       8
37       8
37       8
37       8
37       8
37       8
37       8
37       8
37       8
37       8
37       8
37       8
37       8
37       8
37       8
37       8
37       8
37       8
37       8
37       8
37       8
37       8
37       8
37       8
37       8
37       9
37       9
37       9
37       9
37       9
37       9
37       9
37       9
37       9
37       9
37       9
37       9
37       9
37       9
37       9
37       9
37       9
37       9
37       9
37       9
37       9
37       9
37       9
37       9
37       9
37       9
37       9
37       9
37       9
37       9
37       10
37       10
37       10
37       10
37       10
37       10
37       10
37       10
37       10
37       10
37       10
37       10
37       10
37       10
37       10
37       10
37       10
37       10
37       10
37       10
37       10
37       10
37       10
37       10
37       10
37       10
37       10
37       10
37       10
37       10
37       11
37       11
37       11
37       11
37       11
37       11
37       11
37       11
37       11
37       11
37       11
37       11
37       11
37       11
37       11
37       11
37       11
37       11
37       11
37       11
37       11
37       11
37       11
37       11
37       11
37       11
37       11
37       11
37       11
37       11
37       11
37       12
37       12
37       12
37       12
37       12
37       12
37       12
37       12
37       12
37       12
37       12
37       12
37       12
37       12
37       12
37       12
37       12
37       12
37       12
37       12
37       12
37       12
37       12
37       12
37       12
37       12
37       12
37       12
37       12
37       12
37       12
37       13
37       13
37       13
37       13
37       13
37       13
37       13
37       13
37       13
37       13
37       13
37       13
37       13
37       13
37       13
37       13
37       13
37       13
37       13
37       13
37       13
37       13
37       13
37       13
37       13
37       13
37       13
37       13
37       13
37       13
37       13
37       14
37       14
37       14
37       14
37       14
37       14
37       14
37       14
37       14
37       14
37       14
37       14
37       14
37       14
37       14
37       14
37       14
37       14
37       14
37       14
37       14
37       14
37       14
37       14
37       14
37       14
37       14
37       14
37       14
37       14
37       14
37       15
37       15
37       15
37       15
37       15
37       15
37       15
37       15
37       15
37       15
37       15
37       15
37       15
37       15
37       15
37       15
37       15
37       15
37       15
37       15
37       15
37       15
37       15
37       15
37       15
37       15
37       15
37       15
37       15
37       15
37       15
37       15
37       15
37       15
37       15
37       15
37       15
37       15
37       15
37       15
37       15
37       15
37       15
37       15
37       15
37       15
37       15
37       15
37       15
37       15
37       15
37       15
37       15
37       15
37       16
37       16
37       16
37       16
37       16
37       16
37       16
37       16
37       16
37       17
37       17
37       17
37       17
37       17
37       17
37       17
37       17
37       17
37       18
37       18
37       18
37       18
37       18
37       18
37       18
37       18
37       18
37       19
37       19
37       19
37       19
37       19
37       19
37       19
37       19
37       19
37       20
37       20
37       20
37       20
37       20
37       20
37       20
37       20
37       20
37       21
37       21
37       21
37       21
37       21
37       21
37       21
37       21
37       21
37       21
37       21
37       21
37       22
37       22
37       22
37       22
37       22
37       22
37       22
37       22
37       22
37       22
37       22
37       22
39       2
39       2
39       2
39       2
39       2
39       2
39       2
39       2
39       2
39       2
39       2
39       2
39       2
39       2
39       2
39       2
39       2
39       2
39       2
39       2
39       3
39       3
39       3
39       3
39       3
39       3
39       3
39       3
39       3
39       3
39       3
39       3
39       3
39       3
39       3
39       3
39       3
39       3
39       3
39       3
39       4
39       4
39       4
39       4
39       4
39       4
39       4
39       4
39       4
39       4
39       4
39       4
39       4
39       4
39       4
39       4
39       4
39       4
39       4
39       4
39       5
39       5
39       5
39       5
39       5
39       5
39       5
39       5
39       5
39       5
39       5
39       5
39       5
39       5
39       5
39       5
39       5
39       5
39       5
39       5
39       5
39       5
39       5
39       5
39       5
39       5
39       5
39       5
39       5
39       5
39       5
39       5
39       5
39       5
39       5
39       5
39       6
39       6
39       6
39       6
39       6
39       6
39       6
39       6
39       6
39       6
39       6
39       6
39       6
39       6
39       6
39       6
39       6
39       6
39       6
39       6
39       6
39       6
39       6
39       6
39       6
39       6
39       6
39       6
39       6
39       6
39       6
39       6
39       6
39       6
39       6
39       6
39       7
39       7
39       7
39       7
39       7
39       7
39       7
39       7
39       7
39       7
39       7
39       7
39       7
39       7
39       7
39       7
39       7
39       7
39       7
39       7
39       7
39       7
39       7
39       7
39       7
39       7
39       7
39       7
39       7
39       7
39       7
39       7
39       7
39       7
39       7
39       7
39       8
39       8
39       8
39       8
39       8
39       8
39       8
39       8
39       8
39       8
39       8
39       8
39       8
39       8
39       8
39       8
39       8
39       8
39       8
39       8
39       8
39       8
39       8
39       8
39       8
39       8
39       8
39       8
39       8
39       8
39       9
39       9
39       9
39       9
39       9
39       9
39       9
39       9
39       9
39       9
39       9
39       9
39       9
39       9
39       9
39       9
39       9
39       9
39       9
39       9
39       9
39       9
39       9
39       9
39       9
39       9
39       9
39       9
39       9
39       9
39       9
39       10
39       10
39       10
39       10
39       10
39       10
39       10
39       10
39       10
39       10
39       10
39       10
39       10
39       10
39       10
39       10
39       10
39       10
39       10
39       10
39       10
39       10
39       10
39       10
39       10
39       10
39       10
39       10
39       10
39       10
39       10
39       11
39       11
39       11
39       11
39       11
39       11
39       11
39       11
39       11
39       11
39       11
39       11
39       11
39       11
39       11
39       11
39       11
39       11
39       11
39       11
39       11
39       11
39       11
39       11
39       11
39       11
39       11
39       11
39       11
39       11
39       11
39       12
39       12
39       12
39       12
39       12
39       12
39       12
39       12
39       12
39       12
39       12
39       12
39       12
39       12
39       12
39       12
39       12
39       12
39       12
39       12
39       12
39       12
39       12
39       12
39       12
39       12
39       12
39       12
39       12
39       12
39       12
39       13
39       13
39       13
39       13
39       13
39       13
39       13
39       13
39       13
39       13
39       13
39       13
39       13
39       13
39       13
39       13
39       13
39       13
39       13
39       13
39       13
39       13
39       13
39       13
39       13
39       13
39       13
39       13
39       13
39       13
39       13
39       14
39       14
39       14
39       14
39       14
39       14
39       14
39       14
39       14
39       14
39       14
39       14
39       14
39       14
39       14
39       14
39       14
39       14
39       14
39       14
39       14
39       14
39       14
39       15
39       15
39       15
39       15
39       15
39       15
39       15
39       15
39       15
39       16
39       16
39       16
39       16
39       16
39       16
39       16
39       16
39       16
39       17
39       17
39       17
39       17
39       17
39       17
39       17
39       17
39       17
39       18
39       18
39       18
39       18
39       18
39       18
39       18
39       18
39       18
39       19
39       19
39       19
39       19
39       19
39       19
39       19
39       19
39       19
39       19
39       19
39       20
39       20
39       20
39       20
39       20
39       20
39       20
39       20
39       20
39       20
39       20
39       20
39       21
39       21
39       21
39       21
39       21
39       21
39       21
39       21
39       21
39       21
39       21
39       21
39       22
39       22
39       22
39       22
39       22
39       22
39       22
39       22
39       22
39       22
39       22
39       22
41       2
41       2
41       2
41       2
41       2
41       2
41       2
41       2
41       2
41       2
41       3
41       3
41       3
41       3
41       3
41       3
41       3
41       3
41       3
41       3
41       3
41       3
41       3
41       3
41       3
41       3
41       3
41       3
41       3
41       3
41       3
41       3
41       3
41       3
41       3
41       3
41       3
41       3
41       4
41       4
41       4
41       4
41       4
41       4
41       4
41       4
41       4
41       4
41       4
41       4
41       4
41       4
41       4
41       4
41       4
41       4
41       4
41       4
41       4
41       4
41       4
41       4
41       4
41       4
41       4
41       4
41       4
41       4
41       4
41       4
41       4
41       4
41       4
41       4
41       5
41       5
41       5
41       5
41       5
41       5
41       5
41       5
41       5
41       5
41       5
41       5
41       5
41       5
41       5
41       5
41       5
41       5
41       5
41       5
41       5
41       5
41       5
41       5
41       5
41       5
41       5
41       5
41       5
41       5
41       5
41       5
41       5
41       5
41       5
41       5
41       6
41       6
41       6
41       6
41       6
41       6
41       6
41       6
41       6
41       6
41       6
41       6
41       6
41       6
41       6
41       6
41       6
41       6
41       6
41       6
41       6
41       6
41       6
41       6
41       6
41       6
41       6
41       6
41       6
41       6
41       6
41       6
41       6
41       6
41       6
41       6
41       7
41       7
41       7
41       7
41       7
41       7
41       7
41       7
41       7
41       7
41       7
41       7
41       7
41       7
41       7
41       7
41       7
41       7
41       7
41       7
41       7
41       7
41       7
41       7
41       7
41       7
41       7
41       7
41       7
41       7
41       7
41       7
41       7
41       7
41       7
41       7
41       8
41       8
41       8
41       8
41       8
41       8
41       8
41       8
41       8
41       8
41       8
41       8
41       8
41       8
41       8
41       8
41       8
41       8
41       8
41       8
41       8
41       8
41       8
41       8
41       8
41       8
41       8
41       8
41       8
41       8
41       8
41       9
41       9
41       9
41       9
41       9
41       9
41       9
41       9
41       9
41       9
41       9
41       9
41       9
41       9
41       9
41       9
41       9
41       9
41       9
41       9
41       9
41       9
41       9
41       9
41       9
41       9
41       9
41       9
41       9
41       9
41       9
41       10
41       10
41       10
41       10
41       10
41       10
41       10
41       10
41       10
41       10
41       10
41       10
41       10
41       10
41       10
41       10
41       10
41       10
41       10
41       10
41       10
41       10
41       10
41       10
41       10
41       10
41       10
41       10
41       10
41       10
41       10
41       11
41       11
41       11
41       11
41       11
41       11
41       11
41       11
41       11
41       11
41       11
41       11
41       11
41       11
41       11
41       11
41       11
41       11
41       11
41       11
41       11
41       11
41       11
41       11
41       11
41       11
41       11
41       11
41       11
41       11
41       11
41       12
41       12
41       12
41       12
41       12
41       12
41       12
41       12
41       12
41       12
41       12
41       12
41       12
41       12
41       12
41       12
41       12
41       12
41       12
41       12
41       12
41       12
41       12
41       12
41       12
41       12
41       12
41       12
41       12
41       12
41       12
41       13
41       13
41       13
41       13
41       13
41       13
41       13
41       13
41       13
41       13
41       13
41       13
41       13
41       13
41       13
41       14
41       14
41       14
41       14
41       14
41       14
41       14
41       14
41       14
41       14
41       14
41       14
41       14
41       14
41       14
41       15
41       15
41       15
41       15
41       15
41       15
41       15
41       15
41       15
41       16
41       16
41       16
41       16
41       16
41       16
41       16
41       16
41       16
41       17
41       17
41       17
41       17
41       17
41       17
41       17
41       17
41       17
41       18
41       18
41       18
41       18
41       18
41       18
41       18
41       18
41       18
41       18
41       18
41       18
41       19
41       19
41       19
41       19
41       19
41       19
41       19
41       19
41       19
41       19
41       19
41       19
41       20
41       20
41       20
41       20
41       20
41       20
41       20
41       20
41       20
41       20
41       20
41       20
41       21
41       21
41       21
41       21
41       21
41       21
41       21
41       21
41       21
41       21
41       21
41       21
41       22
41       22
41       22
41       22
41       22
41       22
41       22
41       22
41       22
41       22
42       3
42       3
42       3
42       3
42       3
42       3
42       3
42       3
42       3
42       3
42       3
42       3
42       3
42       3
42       3
42       3
42       3
42       3
42       3
42       3
42       3
42       3
42       3
42       3
42       3
42       3
42       3
42       3
42       3
42       3
42       3
42       3
42       3
42       3
42       3
42       3
42       4
42       4
42       4
42       4
42       4
42       4
42       4
42       4
42       4
42       4
42       4
42       4
42       4
42       4
42       4
42       4
42       4
42       4
42       4
42       4
42       4
42       4
42       4
42       4
42       4
42       4
42       4
42       4
42       4
42       4
42       4
42       4
42       4
42       4
42       4
42       4
42       5
42       5
42       5
42       5
42       5
42       5
42       5
42       5
42       5
42       5
42       5
42       5
42       5
42       5
42       5
42       5
42       5
42       5
42       5
42       5
42       5
42       5
42       5
42       5
42       5
42       5
42       5
42       5
42       5
42       5
42       5
42       5
42       5
42       5
42       5
42       5
42       6
42       6
42       6
42       6
42       6
42       6
42       6
42       6
42       6
42       6
42       6
42       6
42       6
42       6
42       6
42       6
42       6
42       6
42       6
42       6
42       6
42       6
42       6
42       6
42       6
42       6
42       6
42       6
42       6
42       6
42       6
42       6
42       6
42       6
42       6
42       6
42       6
42       6
42       6
42       6
42       6
42       6
42       6
42       6
42       7
42       7
42       7
42       7
42       7
42       7
42       7
42       7
42       7
42       7
42       7
42       7
42       7
42       7
42       7
42       7
42       7
42       7
42       7
42       7
42       7
42       7
42       7
42       7
42       7
42       7
42       7
42       7
42       7
42       7
42       7
42       7
42       7
42       7
42       7
42       7
42       7
42       7
42       7
42       7
42       7
42       7
42       7
42       7
42       7
42       7
42       7
42       7
42       7
42       7
42       7
42       7
42       8
42       8
42       8
42       8
42       8
42       8
42       8
42       8
42       8
42       8
42       8
42       8
42       8
42       8
42       8
42       8
42       8
42       8
42       8
42       8
42       8
42       8
42       8
42       8
42       8
42       8
42       8
42       8
42       8
42       8
42       8
42       9
42       9
42       9
42       9
42       9
42       9
42       9
42       9
42       9
42       9
42       9
42       9
42       9
42       9
42       9
42       9
42       9
42       9
42       9
42       9
42       9
42       9
42       9
42       9
42       9
42       9
42       9
42       9
42       9
42       9
42       9
42       10
42       10
42       10
42       10
42       10
42       10
42       10
42       10
42       10
42       10
42       10
42       10
42       10
42       10
42       10
42       10
42       10
42       10
42       10
42       10
42       10
42       10
42       10
42       10
42       10
42       10
42       10
42       10
42       10
42       10
42       10
42       11
42       11
42       11
42       11
42       11
42       11
42       11
42       11
42       11
42       11
42       11
42       11
42       11
42       11
42       11
42       11
42       11
42       11
42       11
42       11
42       11
42       11
42       11
42       12
42       12
42       12
42       12
42       12
42       12
42       12
42       12
42       12
42       12
42       12
42       12
42       12
42       12
42       12
42       13
42       13
42       13
42       13
42       13
42       13
42       13
42       13
42       13
42       13
42       13
42       13
42       13
42       13
42       13
42       14
42       14
42       14
42       14
42       14
42       14
42       14
42       14
42       14
42       14
42       14
42       14
42       14
42       14
42       14
42       15
42       15
42       15
42       15
42       15
42       15
42       15
42       15
42       15
42       16
42       16
42       16
42       16
42       16
42       16
42       16
42       16
42       16
42       16
42       16
42       17
42       17
42       17
42       17
42       17
42       17
42       17
42       17
42       17
42       17
42       17
42       17
42       18
42       18
42       18
42       18
42       18
42       18
42       18
42       18
42       18
42       18
42       18
42       18
42       19
42       19
42       19
42       19
42       19
42       19
42       19
42       19
42       19
42       19
42       19
42       19
42       20
42       20
42       20
42       20
42       20
42       20
42       20
42       20
42       20
42       20
42       20
42       20
42       21
42       21
42       21
42       21
42       21
42       21
42       21
42       21
42       21
42       21
42       22
42       22
42       22
42       22
42       22
42       22
42       22
42       22
44       3
44       3
44       3
44       3
44       3
44       3
44       3
44       3
44       3
44       3
44       3
44       3
44       3
44       3
44       3
44       3
44       3
44       3
44       4
44       4
44       4
44       4
44       4
44       4
44       4
44       4
44       4
44       4
44       4
44       4
44       4
44       4
44       4
44       4
44       4
44       4
44       5
44       5
44       5
44       5
44       5
44       5
44       5
44       5
44       5
44       5
44       5
44       5
44       5
44       5
44       5
44       5
44       5
44       5
44       6
44       6
44       6
44       6
44       6
44       6
44       6
44       6
44       6
44       6
44       6
44       6
44       6
44       6
44       6
44       6
44       6
44       6
44       6
44       6
44       6
44       6
44       6
44       6
44       6
44       6
44       7
44       7
44       7
44       7
44       7
44       7
44       7
44       7
44       7
44       7
44       7
44       7
44       7
44       7
44       7
44       7
44       7
44       7
44       7
44       7
44       7
44       7
44       7
44       7
44       7
44       7
44       8
44       8
44       8
44       8
44       8
44       8
44       8
44       8
44       8
44       8
44       8
44       8
44       8
44       8
44       8
44       9
44       9
44       9
44       9
44       9
44       9
44       9
44       9
44       9
44       9
44       9
44       9
44       9
44       9
44       9
44       10
44       10
44       10
44       10
44       10
44       10
44       10
44       11
44       11
44       11
44       11
44       11
44       11
44       11
44       12
44       12
44       12
44       12
44       12
44       12
44       12
44       13
44       13
44       13
44       13
44       13
44       13
44       13
44       14
44       14
44       14
44       14
44       14
44       14
44       14
44       15
44       15
44       15
44       15
44       15
44       15
44       16
44       16
44       16
44       16
44       16
44       16
44       17
44       17
44       17
44       17
44       17
44       17
44       18
44       18
44       18
44       18
44       18
44       18
44       19
44       19
44       19
44       19
44       19
44       19
44       20
44       20
44       20
44       20
44       21
44       21
44       21
44       21
44       22
44       22
44       22
44       22
46       3
46       3
46       3
46       3
46       3
46       3
46       3
46       3
46       3
46       3
46       3
46       3
46       3
46       3
46       3
46       3
46       3
46       3
46       3
46       3
46       3
46       3
46       3
46       3
46       3
46       3
46       3
46       3
46       3
46       3
46       3
46       3
46       3
46       3
46       3
46       3
46       4
46       4
46       4
46       4
46       4
46       4
46       4
46       4
46       4
46       4
46       4
46       4
46       4
46       4
46       4
46       4
46       4
46       4
46       4
46       4
46       4
46       4
46       4
46       4
46       4
46       4
46       4
46       4
46       4
46       4
46       4
46       4
46       4
46       4
46       4
46       4
46       4
46       4
46       4
46       4
46       4
46       4
46       4
46       4
46       5
46       5
46       5
46       5
46       5
46       5
46       5
46       5
46       5
46       5
46       5
46       5
46       5
46       5
46       5
46       5
46       5
46       5
46       5
46       5
46       5
46       5
46       5
46       5
46       5
46       5
46       5
46       5
46       5
46       5
46       5
46       5
46       5
46       5
46       5
46       5
46       5
46       5
46       5
46       5
46       5
46       5
46       5
46       5
46       5
46       5
46       5
46       5
46       5
46       5
46       5
46       5
46       6
46       6
46       6
46       6
46       6
46       6
46       6
46       6
46       6
46       6
46       6
46       6
46       6
46       6
46       6
46       6
46       6
46       6
46       6
46       6
46       6
46       6
46       6
46       6
46       6
46       6
46       6
46       6
46       6
46       6
46       6
46       6
46       6
46       6
46       6
46       6
46       6
46       6
46       6
46       6
46       6
46       6
46       6
46       6
46       6
46       6
46       6
46       6
46       6
46       6
46       6
46       6
46       7
46       7
46       7
46       7
46       7
46       7
46       7
46       7
46       7
46       7
46       7
46       7
46       7
46       7
46       7
46       7
46       7
46       7
46       7
46       7
46       7
46       7
46       7
46       7
46       7
46       7
46       7
46       7
46       7
46       7
46       7
46       7
46       7
46       7
46       7
46       7
46       7
46       7
46       7
46       7
46       7
46       7
46       7
46       7
46       7
46       7
46       7
46       7
46       7
46       7
46       7
46       7
46       8
46       8
46       8
46       8
46       8
46       8
46       8
46       8
46       8
46       8
46       8
46       8
46       8
46       8
46       8
46       8
46       8
46       8
46       8
46       8
46       8
46       8
46       8
46       8
46       8
46       8
46       8
46       8
46       8
46       8
46       8
46       9
46       9
46       9
46       9
46       9
46       9
46       9
46       9
46       9
46       9
46       9
46       9
46       9
46       9
46       9
46       9
46       9
46       9
46       9
46       9
46       9
46       9
46       9
46       10
46       10
46       10
46       10
46       10
46       10
46       10
46       10
46       10
46       10
46       10
46       10
46       10
46       10
46       10
46       11
46       11
46       11
46       11
46       11
46       11
46       11
46       11
46       11
46       11
46       11
46       11
46       11
46       11
46       11
46       12
46       12
46       12
46       12
46       12
46       12
46       12
46       12
46       12
46       12
46       12
46       12
46       12
46       12
46       12
46       13
46       13
46       13
46       13
46       13
46       13
46       13
46       13
46       13
46       13
46       13
46       13
46       13
46       13
46       13
46       14
46       14
46       14
46       14
46       14
46       14
46       14
46       14
46       14
46       14
46       14
46       14
46       14
46       14
46       14
46       14
46       14
46       14
46       14
46       15
46       15
46       15
46       15
46       15
46       15
46       15
46       15
46       15
46       15
46       15
46       15
46       16
46       16
46       16
46       16
46       16
46       16
46       16
46       16
46       16
46       16
46       16
46       16
46       17
46       17
46       17
46       17
46       17
46       17
46       17
46       17
46       17
46       17
46       17
46       17
46       18
46       18
46       18
46       18
46       18
46       18
46       18
46       18
46       18
46       18
46       18
46       18
46       19
46       19
46       19
46       19
46       19
46       19
46       19
46       19
46       20
46       20
46       20
46       20
46       20
46       20
46       20
46       20
46       21
46       21
46       21
46       21
46       21
46       21
46       21
46       21
46       22
46       22
46       22
46       22
46       22
46       22
46       22
46       22
48       4
48       4
48       4
48       4
48       4
48       4
48       4
48       4
48       4
48       4
48       4
48       4
48       4
48       4
48       4
48       4
48       4
48       4
48       4
48       4
48       4
48       4
48       4
48       4
48       4
48       4
48       4
48       4
48       4
48       4
48       4
48       4
48       4
48       4
48       4
48       4
48       4
48       4
48       4
48       4
48       4
48       4
48       4
48       4
48       4
48       4
48       4
48       4
48       4
48       4
48       4
48       4
48       5
48       5
48       5
48       5
48       5
48       5
48       5
48       5
48       5
48       5
48       5
48       5
48       5
48       5
48       5
48       5
48       5
48       5
48       5
48       5
48       5
48       5
48       5
48       5
48       5
48       5
48       5
48       5
48       5
48       5
48       5
48       5
48       5
48       5
48       5
48       5
48       5
48       5
48       5
48       5
48       5
48       5
48       5
48       5
48       5
48       5
48       5
48       5
48       5
48       5
48       5
48       5
48       6
48       6
48       6
48       6
48       6
48       6
48       6
48       6
48       6
48       6
48       6
48       6
48       6
48       6
48       6
48       6
48       6
48       6
48       6
48       6
48       6
48       6
48       6
48       6
48       6
48       6
48       6
48       6
48       6
48       6
48       6
48       6
48       6
48       6
48       6
48       6
48       6
48       6
48       6
48       6
48       6
48       6
48       6
48       6
48       6
48       6
48       6
48       6
48       6
48       6
48       6
48       6
48       7
48       7
48       7
48       7
48       7
48       7
48       7
48       7
48       7
48       7
48       7
48       7
48       7
48       7
48       7
48       7
48       7
48       7
48       7
48       7
48       7
48       7
48       7
48       7
48       7
48       7
48       7
48       7
48       7
48       7
48       7
48       7
48       7
48       7
48       7
48       7
48       7
48       7
48       7
48       7
48       8
48       8
48       8
48       8
48       8
48       8
48       8
48       8
48       8
48       8
48       8
48       8
48       8
48       8
48       8
48       9
48       9
48       9
48       9
48       9
48       9
48       9
48       9
48       9
48       9
48       9
48       9
48       9
48       9
48       9
48       10
48       10
48       10
48       10
48       10
48       10
48       10
48       10
48       10
48       10
48       10
48       10
48       10
48       10
48       10
48       11
48       11
48       11
48       11
48       11
48       11
48       11
48       11
48       11
48       11
48       11
48       11
48       11
48       11
48       11
48       12
48       12
48       12
48       12
48       12
48       12
48       12
48       12
48       12
48       12
48       12
48       12
48       12
48       12
48       12
48       12
48       12
48       12
48       12
48       13
48       13
48       13
48       13
48       13
48       13
48       13
48       13
48       13
48       13
48       13
48       13
48       13
48       13
48       13
48       13
48       13
48       13
48       13
48       13
48       13
48       13
48       14
48       14
48       14
48       14
48       14
48       14
48       14
48       14
48       14
48       14
48       14
48       14
48       14
48       14
48       14
48       14
48       14
48       14
48       14
48       14
48       14
48       14
48       15
48       15
48       15
48       15
48       15
48       15
48       15
48       15
48       15
48       15
48       15
48       15
48       16
48       16
48       16
48       16
48       16
48       16
48       16
48       16
48       16
48       16
48       16
48       16
48       17
48       17
48       17
48       17
48       17
48       17
48       17
48       17
48       17
48       17
48       18
48       18
48       18
48       18
48       18
48       18
48       18
48       18
48       19
48       19
48       19
48       19
48       19
48       19
48       19
48       19
48       20
48       20
48       20
48       20
48       20
48       20
48       20
48       20
48       21
48       21
48       21
48       21
48       21
48       21
48       21
48       21
48       22
48       22
48       22
48       22
48       22
48       22
50       4
50       4
50       4
50       4
50       4
50       4
50       4
50       4
50       4
50       4
50       4
50       4
50       4
50       4
50       4
50       4
50       4
50       4
50       4
50       4
50       4
50       4
50       4
50       4
50       4
50       4
50       4
50       4
50       4
50       4
50       4
50       4
50       4
50       4
50       4
50       4
50       4
50       4
50       4
50       4
50       4
50       4
50       4
50       4
50       4
50       4
50       4
50       4
50       4
50       4
50       4
50       4
50       5
50       5
50       5
50       5
50       5
50       5
50       5
50       5
50       5
50       5
50       5
50       5
50       5
50       5
50       5
50       5
50       5
50       5
50       5
50       5
50       5
50       5
50       5
50       5
50       5
50       5
50       5
50       5
50       5
50       5
50       5
50       5
50       5
50       5
50       5
50       5
50       5
50       5
50       5
50       5
50       5
50       5
50       5
50       5
50       5
50       5
50       5
50       5
50       5
50       5
50       5
50       5
50       6
50       6
50       6
50       6
50       6
50       6
50       6
50       6
50       6
50       6
50       6
50       6
50       6
50       6
50       6
50       6
50       6
50       6
50       6
50       6
50       6
50       6
50       6
50       6
50       6
50       6
50       6
50       6
50       6
50       6
50       6
50       6
50       6
50       6
50       6
50       6
50       6
50       6
50       6
50       6
50       7
50       7
50       7
50       7
50       7
50       7
50       7
50       7
50       7
50       7
50       7
50       7
50       7
50       7
50       7
50       7
50       7
50       7
50       7
50       7
50       7
50       7
50       7
50       7
50       7
50       7
50       7
50       7
50       8
50       8
50       8
50       8
50       8
50       8
50       8
50       8
50       8
50       8
50       8
50       8
50       8
50       8
50       8
50       9
50       9
50       9
50       9
50       9
50       9
50       9
50       9
50       9
50       9
50       9
50       9
50       9
50       9
50       9
50       10
50       10
50       10
50       10
50       10
50       10
50       10
50       10
50       10
50       10
50       10
50       10
50       10
50       10
50       10
50       11
50       11
50       11
50       11
50       11
50       11
50       11
50       11
50       11
50       11
50       11
50       11
50       11
50       11
50       11
50       11
50       11
50       11
50       11
50       11
50       11
50       11
50       12
50       12
50       12
50       12
50       12
50       12
50       12
50       12
50       12
50       12
50       12
50       12
50       12
50       12
50       12
50       12
50       12
50       12
50       12
50       12
50       12
50       12
50       13
50       13
50       13
50       13
50       13
50       13
50       13
50       13
50       13
50       13
50       13
50       13
50       13
50       13
50       13
50       13
50       13
50       13
50       13
50       13
50       13
50       13
50       14
50       14
50       14
50       14
50       14
50       14
50       14
50       14
50       14
50       14
50       14
50       14
50       14
50       14
50       14
50       14
50       14
50       14
50       14
50       14
50       14
50       14
50       15
50       15
50       15
50       15
50       15
50       15
50       15
50       15
50       15
50       15
50       15
50       15
50       16
50       16
50       16
50       16
50       16
50       16
50       16
50       16
50       17
50       17
50       17
50       17
50       17
50       17
50       17
50       17
50       18
50       18
50       18
50       18
50       18
50       18
50       18
50       18
50       19
50       19
50       19
50       19
50       19
50       19
50       19
50       19
50       20
50       20
50       20
50       20
50       20
50       20
50       21
50       21
50       21
50       21
50       21
50       22
50       22
50       22
50       22
50       22
51       4
51       4
51       4
51       4
51       4
51       4
51       4
51       4
51       4
51       4
51       4
51       4
51       4
51       4
51       4
51       4
51       4
51       4
51       4
51       4
51       4
51       4
51       4
51       4
51       4
51       4
51       4
51       4
51       4
51       4
51       4
51       4
51       4
51       4
51       4
51       4
51       4
51       4
51       4
51       4
51       5
51       5
51       5
51       5
51       5
51       5
51       5
51       5
51       5
51       5
51       5
51       5
51       5
51       5
51       5
51       5
51       5
51       5
51       5
51       5
51       5
51       5
51       5
51       5
51       5
51       5
51       5
51       5
51       6
51       6
51       6
51       6
51       6
51       6
51       6
51       6
51       6
51       6
51       6
51       6
51       6
51       6
51       6
51       6
51       6
51       6
51       6
51       6
51       6
51       6
51       6
51       6
51       6
51       6
51       6
51       6
51       7
51       7
51       7
51       7
51       7
51       7
51       7
51       7
51       7
51       7
51       7
51       7
51       7
51       7
51       7
51       7
51       7
51       7
51       7
51       7
51       7
51       7
51       7
51       7
51       7
51       7
51       7
51       7
51       8
51       8
51       8
51       8
51       8
51       8
51       8
51       8
51       8
51       8
51       8
51       8
51       8
51       8
51       8
51       9
51       9
51       9
51       9
51       9
51       9
51       9
51       9
51       9
51       9
51       9
51       9
51       9
51       9
51       9
51       9
51       9
51       9
51       9
51       10
51       10
51       10
51       10
51       10
51       10
51       10
51       10
51       10
51       10
51       10
51       10
51       10
51       10
51       10
51       10
51       10
51       10
51       10
51       10
51       10
51       10
51       11
51       11
51       11
51       11
51       11
51       11
51       11
51       11
51       11
51       11
51       11
51       11
51       11
51       11
51       11
51       11
51       11
51       11
51       11
51       11
51       11
51       11
51       12
51       12
51       12
51       12
51       12
51       12
51       12
51       12
51       12
51       12
51       12
51       12
51       12
51       12
51       12
51       12
51       12
51       12
51       12
51       12
51       12
51       12
51       13
51       13
51       13
51       13
51       13
51       13
51       13
51       13
51       13
51       13
51       13
51       13
51       13
51       13
51       13
51       13
51       13
51       13
51       13
51       13
51       13
51       13
51       14
51       14
51       14
51       14
51       14
51       14
51       14
51       14
51       14
51       14
51       14
51       14
51       14
51       14
51       14
51       14
51       14
51       14
51       14
51       15
51       15
51       15
51       15
51       15
51       15
51       15
51       15
51       16
51       16
51       16
51       16
51       16
51       16
51       16
51       16
51       17
51       17
51       17
51       17
51       17
51       17
51       17
51       17
51       18
51       18
51       18
51       18
51       18
51       18
51       18
51       18
51       19
51       19
51       19
51       19
51       19
51       19
51       20
51       20
51       20
51       20
51       20
51       21
51       21
51       21
51       21
51       21
51       22
51       22
51       22
51       22
51       22
53       5
53       5
53       5
53       5
53       5
53       5
53       5
53       5
53       5
53       5
53       5
53       5
53       5
53       5
53       6
53       6
53       6
53       6
53       6
53       6
53       6
53       6
53       6
53       6
53       6
53       6
53       6
53       6
53       7
53       7
53       7
53       7
53       7
53       7
53       7
53       7
53       7
53       7
53       7
53       7
53       7
53       7
53       8
53       8
53       8
53       8
53       8
53       8
53       8
53       8
53       8
53       8
53       8
53       9
53       9
53       9
53       9
53       9
53       9
53       9
53       9
53       9
53       9
53       9
53       10
53       10
53       10
53       10
53       10
53       10
53       10
53       10
53       10
53       10
53       10
53       11
53       11
53       11
53       11
53       11
53       11
53       11
53       11
53       11
53       11
53       11
53       12
53       12
53       12
53       12
53       12
53       12
53       12
53       12
53       12
53       12
53       12
53       13
53       13
53       13
53       13
53       13
53       13
53       13
53       14
53       14
53       14
53       14
53       14
53       14
53       14
53       15
53       15
53       15
53       15
53       16
53       16
53       16
53       16
53       17
53       17
53       17
53       17
53       18
53       18
53       19
53       19
53       20
53       20
53       21
53       21
53       22
53       22
55       5
55       5
55       5
55       5
55       5
55       5
55       5
55       5
55       5
55       5
55       5
55       5
55       5
55       5
55       5
55       5
55       5
55       5
55       5
55       5
55       5
55       5
55       5
55       5
55       5
55       5
55       5
55       5
55       6
55       6
55       6
55       6
55       6
55       6
55       6
55       6
55       6
55       6
55       6
55       6
55       6
55       6
55       6
55       6
55       6
55       6
55       6
55       6
55       6
55       6
55       6
55       6
55       6
55       6
55       6
55       6
55       7
55       7
55       7
55       7
55       7
55       7
55       7
55       7
55       7
55       7
55       7
55       7
55       7
55       7
55       7
55       7
55       7
55       7
55       7
55       7
55       7
55       7
55       7
55       7
55       7
55       7
55       7
55       7
55       7
55       7
55       7
55       7
55       7
55       7
55       7
55       7
55       7
55       7
55       7
55       7
55       7
55       7
55       7
55       7
55       7
55       7
55       7
55       7
55       7
55       8
55       8
55       8
55       8
55       8
55       8
55       8
55       8
55       8
55       8
55       8
55       8
55       8
55       8
55       8
55       8
55       8
55       8
55       8
55       8
55       8
55       8
55       9
55       9
55       9
55       9
55       9
55       9
55       9
55       9
55       9
55       9
55       9
55       9
55       9
55       9
55       9
55       9
55       9
55       9
55       9
55       9
55       9
55       9
55       10
55       10
55       10
55       10
55       10
55       10
55       10
55       10
55       10
55       10
55       10
55       10
55       10
55       10
55       10
55       10
55       10
55       10
55       10
55       10
55       10
55       10
55       11
55       11
55       11
55       11
55       11
55       11
55       11
55       11
55       11
55       11
55       11
55       11
55       11
55       11
55       11
55       11
55       11
55       11
55       11
55       11
55       11
55       11
55       12
55       12
55       12
55       12
55       12
55       12
55       12
55       12
55       12
55       12
55       12
55       12
55       12
55       12
55       12
55       12
55       12
55       12
55       12
55       13
55       13
55       13
55       13
55       13
55       13
55       13
55       13
55       13
55       13
55       13
55       13
55       13
55       13
55       13
55       14
55       14
55       14
55       14
55       14
55       14
55       14
55       14
55       14
55       14
55       14
55       14
55       14
55       14
55       14
55       15
55       15
55       15
55       15
55       15
55       15
55       15
55       15
55       16
55       16
55       16
55       16
55       16
55       16
55       16
55       16
55       17
55       17
55       17
55       17
55       17
55       18
55       18
55       18
55       18
55       18
55       19
55       19
55       19
55       19
55       19
55       20
55       20
55       20
55       20
55       20
55       21
55       21
55       21
55       22
57       5
57       5
57       5
57       5
57       5
57       5
57       5
57       5
57       5
57       5
57       5
57       5
57       5
57       5
57       5
57       5
57       5
57       5
57       5
57       5
57       5
57       5
57       5
57       5
57       5
57       5
57       5
57       5
57       5
57       5
57       5
57       5
57       5
57       5
57       5
57       5
57       5
57       5
57       5
57       5
57       5
57       5
57       5
57       5
57       5
57       5
57       5
57       5
57       5
57       6
57       6
57       6
57       6
57       6
57       6
57       6
57       6
57       6
57       6
57       6
57       6
57       6
57       6
57       6
57       6
57       6
57       6
57       6
57       6
57       6
57       6
57       6
57       6
57       6
57       6
57       6
57       6
57       6
57       6
57       6
57       6
57       6
57       6
57       6
57       6
57       6
57       6
57       6
57       6
57       6
57       6
57       6
57       6
57       6
57       6
57       6
57       6
57       6
57       6
57       6
57       6
57       6
57       6
57       6
57       6
57       6
57       6
57       6
57       6
57       6
57       6
57       6
57       6
57       6
57       6
57       6
57       6
57       6
57       6
57       6
57       7
57       7
57       7
57       7
57       7
57       7
57       7
57       7
57       7
57       7
57       7
57       7
57       7
57       7
57       7
57       7
57       7
57       7
57       7
57       7
57       7
57       7
57       7
57       7
57       7
57       7
57       7
57       7
57       7
57       7
57       7
57       7
57       7
57       7
57       7
57       7
57       7
57       7
57       7
57       7
57       7
57       7
57       7
57       7
57       7
57       7
57       7
57       7
57       7
57       7
57       7
57       7
57       7
57       7
57       7
57       7
57       7
57       7
57       7
57       7
57       7
57       7
57       7
57       7
57       7
57       7
57       7
57       7
57       7
57       7
57       7
57       8
57       8
57       8
57       8
57       8
57       8
57       8
57       8
57       8
57       8
57       8
57       8
57       8
57       8
57       8
57       8
57       8
57       8
57       8
57       8
57       8
57       8
57       9
57       9
57       9
57       9
57       9
57       9
57       9
57       9
57       9
57       9
57       9
57       9
57       9
57       9
57       9
57       9
57       9
57       9
57       9
57       9
57       9
57       9
57       10
57       10
57       10
57       10
57       10
57       10
57       10
57       10
57       10
57       10
57       10
57       10
57       10
57       10
57       10
57       10
57       10
57       10
57       10
57       11
57       11
57       11
57       11
57       11
57       11
57       11
57       11
57       11
57       11
57       11
57       11
57       11
57       11
57       11
57       12
57       12
57       12
57       12
57       12
57       12
57       12
57       12
57       12
57       12
57       12
57       12
57       12
57       12
57       12
57       13
57       13
57       13
57       13
57       13
57       13
57       13
57       13
57       13
57       13
57       13
57       13
57       13
57       13
57       13
57       14
57       14
57       14
57       14
57       14
57       14
57       14
57       14
57       14
57       14
57       14
57       14
57       14
57       14
57       14
57       15
57       15
57       15
57       15
57       15
57       15
57       16
57       16
57       16
57       16
57       16
57       17
57       17
57       17
57       17
57       17
57       18
57       18
57       18
57       18
57       18
57       19
57       19
57       19
57       19
57       19
57       20
57       20
57       20
57       21
57       22
59       6
59       6
59       6
59       6
59       6
59       6
59       6
59       6
59       6
59       6
59       6
59       6
59       6
59       6
59       6
59       6
59       6
59       6
59       6
59       6
59       6
59       6
59       6
59       6
59       6
59       6
59       6
59       6
59       6
59       6
59       6
59       6
59       6
59       6
59       6
59       6
59       6
59       6
59       6
59       6
59       6
59       6
59       6
59       6
59       6
59       6
59       6
59       6
59       6
59       6
59       6
59       6
59       6
59       6
59       6
59       6
59       6
59       6
59       6
59       6
59       6
59       6
59       6
59       6
59       6
59       6
59       6
59       6
59       6
59       6
59       6
59       7
59       7
59       7
59       7
59       7
59       7
59       7
59       7
59       7
59       7
59       7
59       7
59       7
59       7
59       7
59       7
59       7
59       7
59       7
59       7
59       7
59       7
59       7
59       7
59       7
59       7
59       7
59       7
59       7
59       7
59       7
59       7
59       7
59       7
59       7
59       7
59       7
59       7
59       7
59       7
59       7
59       7
59       7
59       7
59       7
59       7
59       7
59       7
59       7
59       7
59       7
59       7
59       7
59       7
59       7
59       7
59       7
59       7
59       7
59       7
59       7
59       7
59       7
59       7
59       7
59       7
59       7
59       7
59       7
59       7
59       7
59       8
59       8
59       8
59       8
59       8
59       8
59       8
59       8
59       8
59       8
59       8
59       8
59       8
59       8
59       8
59       8
59       8
59       8
59       8
59       8
59       8
59       8
59       9
59       9
59       9
59       9
59       9
59       9
59       9
59       9
59       9
59       9
59       9
59       9
59       9
59       9
59       9
59       9
59       9
59       9
59       9
59       10
59       10
59       10
59       10
59       10
59       10
59       10
59       10
59       10
59       10
59       10
59       10
59       10
59       10
59       10
59       11
59       11
59       11
59       11
59       11
59       11
59       11
59       11
59       11
59       11
59       11
59       11
59       11
59       11
59       11
59       12
59       12
59       12
59       12
59       12
59       12
59       12
59       12
59       12
59       12
59       12
59       12
59       12
59       12
59       12
59       13
59       13
59       13
59       13
59       13
59       13
59       13
59       13
59       13
59       13
59       13
59       13
59       13
59       13
59       13
59       14
59       14
59       14
59       14
59       14
59       14
59       14
59       14
59       15
59       15
59       15
59       15
59       15
59       16
59       16
59       16
59       16
59       16
59       17
59       17
59       17
59       17
59       17
59       18
59       18
59       18
59       19
59       20
59       21
59       22
60       6
60       6
60       6
60       6
60       6
60       6
60       6
60       6
60       6
60       6
60       6
60       6
60       6
60       6
60       6
60       6
60       6
60       6
60       6
60       6
60       6
60       6
60       6
60       6
60       6
60       6
60       6
60       6
60       6
60       6
60       6
60       6
60       6
60       6
60       6
60       6
60       6
60       6
60       6
60       6
60       6
60       6
60       6
60       6
60       6
60       6
60       6
60       6
60       6
60       6
60       6
60       6
60       6
60       6
60       6
60       6
60       6
60       6
60       6
60       6
60       6
60       6
60       6
60       6
60       6
60       6
60       6
60       6
60       6
60       6
60       6
60       7
60       7
60       7
60       7
60       7
60       7
60       7
60       7
60       7
60       7
60       7
60       7
60       7
60       7
60       7
60       7
60       7
60       7
60       7
60       7
60       7
60       7
60       7
60       7
60       7
60       7
60       7
60       7
60       7
60       7
60       7
60       7
60       7
60       7
60       7
60       7
60       7
60       7
60       7
60       7
60       7
60       7
60       7
60       7
60       7
60       7
60       7
60       7
60       7
60       7
60       7
60       7
60       7
60       7
60       7
60       7
60       7
60       7
60       7
60       7
60       7
60       7
60       7
60       7
60       7
60       7
60       7
60       7
60       7
60       7
60       7
60       7
60       7
60       7
60       7
60       8
60       8
60       8
60       8
60       8
60       8
60       8
60       8
60       8
60       8
60       8
60       8
60       8
60       8
60       8
60       9
60       9
60       9
60       9
60       9
60       9
60       9
60       9
60       9
60       9
60       9
60       9
60       9
60       9
60       9
60       10
60       10
60       10
60       10
60       10
60       10
60       10
60       10
60       10
60       10
60       10
60       10
60       10
60       10
60       10
60       11
60       11
60       11
60       11
60       11
60       11
60       11
60       11
60       11
60       11
60       11
60       11
60       11
60       11
60       11
60       12
60       12
60       12
60       12
60       12
60       12
60       12
60       12
60       12
60       12
60       12
60       13
60       13
60       13
60       13
60       13
60       13
60       13
60       13
60       14
60       14
60       14
60       14
60       14
60       14
60       14
60       14
60       15
60       15
60       15
60       15
60       15
60       16
60       16
60       16
60       16
60       16
60       17
60       17
60       17
60       18
60       19
60       20
60       21
62       6
62       6
62       6
62       6
62       6
62       6
62       6
62       6
62       6
62       6
62       6
62       6
62       6
62       6
62       6
62       6
62       6
62       6
62       6
62       6
62       6
62       6
62       6
62       6
62       6
62       6
62       6
62       6
62       6
62       6
62       6
62       6
62       6
62       6
62       6
62       6
62       6
62       6
62       6
62       7
62       7
62       7
62       7
62       7
62       7
62       7
62       7
62       7
62       7
62       7
62       7
62       7
62       7
62       7
62       7
62       7
62       7
62       7
62       7
62       7
62       7
62       7
62       7
62       7
62       7
62       7
62       7
62       7
62       7
62       7
62       7
62       7
62       7
62       7
62       7
62       7
62       7
62       7
62       8
62       8
62       8
62       8
62       8
62       8
62       8
62       9
62       9
62       9
62       9
62       9
62       9
62       9
62       10
62       10
62       10
62       10
62       10
62       10
62       10
62       11
62       11
62       11
62       11
62       12
62       12
62       12
62       12
62       13
62       13
62       13
62       13
62       14
62       14
62       14
62       14
62       15
62       15
64       7
64       7
64       7
64       7
64       7
64       7
64       7
64       7
64       7
64       7
64       7
64       7
64       7
64       7
64       7
64       7
64       7
64       7
64       7
64       7
64       7
64       7
64       7
64       7
64       7
64       7
64       7
64       7
64       7
64       7
64       7
64       7
64       7
64       7
64       7
64       7
64       7
64       7
64       7
64       7
64       7
64       7
64       7
64       7
64       7
64       7
64       7
64       7
64       7
64       7
64       7
64       7
64       7
64       7
64       7
64       7
64       7
64       7
64       7
64       7
64       7
64       7
64       7
64       7
64       7
64       7
64       7
64       7
64       7
64       7
64       7
64       7
64       7
64       7
64       7
64       7
64       7
64       7
64       7
64       8
64       8
64       8
64       8
64       8
64       8
64       8
64       8
64       8
64       8
64       8
64       8
64       8
64       8
64       8
64       9
64       9
64       9
64       9
64       9
64       9
64       9
64       9
64       9
64       9
64       9
64       9
64       9
64       9
64       9
64       10
64       10
64       10
64       10
64       10
64       10
64       10
64       10
64       10
64       10
64       10
64       11
64       11
64       11
64       11
64       11
64       11
64       11
64       11
64       12
64       12
64       12
64       12
64       12
64       12
64       12
64       12
64       13
64       13
64       13
64       13
64       13
64       13
64       13
64       13
64       14
64       14
64       14
64       14
64       14
64       14
64       14
64       14
64       15
64       16
64       17
64       18
64       19
66       7
66       7
66       7
66       7
66       7
66       7
66       7
66       7
66       7
66       7
66       7
66       7
66       7
66       7
66       7
66       7
66       7
66       7
66       7
66       7
66       7
66       7
66       7
66       7
66       7
66       7
66       7
66       7
66       7
66       7
66       7
66       7
66       7
66       7
66       7
66       7
66       7
66       7
66       7
66       7
66       7
66       7
66       7
66       7
66       7
66       7
66       7
66       7
66       7
66       7
66       7
66       7
66       7
66       7
66       7
66       7
66       7
66       7
66       7
66       7
66       7
66       7
66       7
66       7
66       7
66       7
66       7
66       7
66       7
66       7
66       7
66       7
66       7
66       7
66       7
66       7
66       7
66       7
66       7
66       8
66       8
66       8
66       8
66       8
66       8
66       8
66       8
66       8
66       8
66       8
66       9
66       9
66       9
66       9
66       9
66       9
66       9
66       9
66       10
66       10
66       10
66       10
66       10
66       10
66       10
66       10
66       11
66       11
66       11
66       11
66       11
66       11
66       11
66       11
66       12
66       12
66       12
66       12
66       12
66       12
66       12
66       12
66       13
66       13
66       13
66       13
66       13
66       13
66       13
66       14
66       14
66       14
66       14
66       14
66       14
66       14
66       15
66       16
66       17
66       18
68       8
68       8
68       8
68       8
68       8
68       8
68       8
68       8
68       9
68       9
68       9
68       9
68       9
68       9
68       9
68       9
68       10
68       10
68       10
68       10
68       10
68       10
68       10
68       10
68       11
68       11
68       11
68       11
68       11
68       11
68       11
68       11
68       12
68       12
68       12
68       12
68       12
68       12
68       12
68       13
68       13
68       13
68       13
68       13
68       13
68       13
68       14
68       14
68       14
68       14
68       14
68       14
68       14
68       15
68       16
68       21
68       22
69       8
69       8
69       8
69       8
69       8
69       8
69       8
69       8
69       9
69       9
69       9
69       9
69       9
69       9
69       9
69       9
69       10
69       10
69       10
69       10
69       10
69       10
69       10
69       11
69       11
69       11
69       11
69       11
69       11
69       11
69       12
69       12
69       12
69       12
69       12
69       12
69       12
69       13
69       13
69       13
69       13
69       13
69       13
69       13
69       14
69       14
69       14
69       14
69       14
69       14
69       14
69       15
69       20
69       21
69       22
71       9
71       9
71       9
71       10
71       10
71       10
71       11
71       11
71       11
71       12
71       12
71       12
71       13
71       13
71       13
71       14
71       14
71       14
71       14
71       14
71       14
71       14
71       14
71       14
71       14
71       14
71       14
71       14
