44       28
44       28
44       30
47       26
47       28
47       28
47       28
47       30
47       30
47       32
47       32
50       24
50       26
50       26
50       28
50       28
50       28
50       30
50       30
50       30
50       32
50       32
50       32
50       32
50       32
50       34
50       34
50       34
50       34
53       22
53       24
53       24
53       26
53       26
53       28
53       28
53       28
53       28
53       30
53       30
53       30
53       30
53       30
53       32
53       32
53       32
53       32
53       32
53       34
53       34
53       34
53       34
53       34
53       36
53       36
53       36
53       36
53       36
53       36
53       36
53       36
53       38
56       24
56       26
56       28
56       28
56       28
56       28
56       28
56       30
56       30
56       30
56       32
56       32
56       32
56       34
56       34
56       34
56       34
56       34
56       36
56       36
56       36
56       36
56       36
56       38
56       38
56       38
56       38
56       38
56       40
58       22
58       24
58       24
58       26
58       26
58       26
58       26
58       28
58       28
58       28
58       28
58       28
58       28
58       28
58       28
58       30
58       30
58       30
58       30
58       30
58       32
58       32
58       32
58       32
58       32
58       32
58       32
58       34
58       34
58       34
58       34
58       34
58       34
58       34
58       34
58       36
58       36
58       36
58       36
58       36
58       36
58       36
58       36
58       38
58       38
58       38
58       38
58       38
58       38
58       38
58       38
58       38
58       40
58       40
58       40
58       40
58       40
58       40
58       40
58       40
58       40
58       40
58       40
58       43
58       43
61       22
61       22
61       24
61       24
61       24
61       24
61       26
61       26
61       26
61       26
61       26
61       28
61       28
61       28
61       28
61       28
61       28
61       28
61       28
61       30
61       30
61       30
61       30
61       30
61       30
61       30
61       30
61       32
61       32
61       32
61       32
61       32
61       32
61       32
61       32
61       34
61       34
61       34
61       34
61       34
61       34
61       34
61       34
61       36
61       36
61       36
61       36
61       36
61       36
61       36
61       36
61       36
61       38
61       38
61       38
61       38
61       38
61       38
61       38
61       38
61       38
61       38
61       38
61       38
61       38
61       40
61       40
61       40
61       40
61       40
61       40
61       40
61       40
61       40
61       40
61       40
61       40
61       40
61       40
61       43
61       43
61       43
61       43
61       43
61       43
61       43
61       43
61       43
61       43
61       43
61       43
61       43
61       43
61       43
61       43
61       43
61       43
61       43
61       43
61       43
61       43
61       43
61       43
61       43
61       43
61       43
61       43
61       43
61       43
61       43
61       43
61       43
61       43
61       43
61       43
61       43
61       43
61       43
61       43
61       43
61       43
61       43
61       43
61       43
61       43
61       43
61       43
61       43
61       43
61       43
61       43
61       43
61       43
61       43
61       43
61       43
61       43
61       43
61       43
61       43
61       43
61       43
61       43
61       43
61       43
61       43
61       43
61       43
61       43
61       43
61       43
61       43
61       43
61       43
61       43
61       43
61       43
61       43
61       43
61       43
61       43
61       43
61       43
61       43
61       43
61       43
61       43
61       43
61       43
61       43
61       43
61       43
61       43
61       43
61       43
61       43
61       43
61       43
61       43
61       43
61       43
61       43
61       43
61       43
61       43
61       43
61       43
61       43
61       43
61       43
61       43
61       43
61       43
61       43
61       43
61       43
61       43
61       43
61       43
61       43
61       43
61       43
61       43
61       43
61       43
61       43
61       43
61       43
61       43
61       43
61       43
61       43
61       43
61       43
61       43
61       43
61       43
61       43
61       43
61       43
61       43
61       43
61       43
61       43
61       43
61       43
61       43
61       43
61       43
61       43
61       43
61       43
61       43
61       43
61       43
61       43
61       43
61       43
61       43
61       43
61       43
61       43
61       43
61       43
61       43
61       43
61       43
61       43
61       43
61       43
61       43
61       43
61       43
61       43
61       43
61       43
61       43
61       43
61       43
61       43
61       43
61       43
61       43
61       43
61       43
61       43
61       43
61       43
61       43
61       43
61       43
61       43
61       43
61       43
61       43
61       43
61       43
61       43
61       43
61       43
61       43
61       43
61       43
61       43
61       43
61       43
61       43
61       43
61       43
61       43
61       43
61       43
61       43
61       43
61       43
61       43
61       43
61       43
61       43
61       43
61       43
61       43
61       43
61       43
61       43
61       43
61       43
61       43
61       43
61       43
61       43
61       43
61       43
61       43
61       43
61       43
61       43
61       43
61       43
61       43
61       43
61       43
61       43
61       43
61       43
61       43
61       43
61       43
61       43
61       43
61       43
61       43
61       43
61       43
61       43
61       43
61       43
61       43
61       43
61       43
61       43
61       43
61       43
61       43
61       43
61       43
61       43
61       43
61       43
61       43
61       43
61       45
61       45
61       45
61       45
61       45
61       45
61       45
61       45
61       45
61       45
61       45
61       45
61       45
61       45
61       45
61       45
61       45
61       45
61       45
61       45
61       45
61       45
61       45
61       45
61       45
61       45
61       45
61       45
61       45
61       45
61       45
61       45
61       45
61       45
61       45
61       45
61       45
61       45
61       45
61       45
61       45
61       45
61       45
61       45
61       45
61       45
61       45
61       45
61       45
61       45
61       45
61       45
61       45
61       45
61       45
61       45
61       45
61       45
61       45
61       45
61       45
61       45
61       45
61       45
61       45
61       45
61       45
61       45
61       45
61       45
61       45
61       45
61       45
61       45
61       45
61       45
61       45
61       45
61       45
61       45
61       45
61       45
61       45
61       45
61       45
61       45
61       45
61       45
64       20
64       22
64       22
64       22
64       22
64       24
64       24
64       24
64       24
64       24
64       26
64       26
64       26
64       26
64       26
64       28
64       28
64       28
64       28
64       28
64       28
64       28
64       28
64       28
64       28
64       28
64       30
64       30
64       30
64       30
64       30
64       30
64       30
64       30
64       32
64       32
64       32
64       32
64       32
64       32
64       32
64       32
64       34
64       34
64       34
64       34
64       34
64       34
64       34
64       34
64       34
64       36
64       36
64       36
64       36
64       36
64       36
64       36
64       36
64       36
64       36
64       36
64       36
64       36
64       36
64       38
64       38
64       38
64       38
64       38
64       38
64       38
64       38
64       38
64       38
64       38
64       38
64       38
64       38
64       40
64       40
64       40
64       40
64       40
64       40
64       40
64       40
64       40
64       40
64       40
64       40
64       40
64       40
64       43
64       43
64       43
64       43
64       43
64       43
64       43
64       43
64       43
64       43
64       43
64       43
64       43
64       43
64       43
64       43
64       43
64       43
64       43
64       43
64       43
64       43
64       43
64       43
64       43
64       43
64       43
64       43
64       43
64       43
64       43
64       43
64       43
64       43
64       43
64       43
64       43
64       43
64       43
64       43
64       43
64       43
64       43
64       43
64       43
64       43
64       43
64       43
64       43
64       43
64       43
64       43
64       43
64       43
64       43
64       43
64       43
64       43
64       43
64       43
64       43
64       43
64       43
64       43
64       43
64       43
64       43
64       43
64       43
64       43
64       43
64       43
64       43
64       43
64       43
64       43
64       43
64       43
64       43
64       43
64       43
64       43
64       43
64       43
64       43
64       43
64       43
64       43
64       43
64       43
64       43
64       43
64       43
64       43
64       43
64       43
64       43
64       43
64       43
64       43
64       43
64       43
64       43
64       43
64       43
64       43
64       43
64       43
64       43
64       43
64       43
64       43
64       43
64       43
64       43
64       43
64       43
64       43
64       43
64       43
64       43
64       43
64       43
64       45
64       45
64       45
64       45
64       45
64       45
64       45
64       45
64       45
64       45
64       45
64       45
64       45
64       45
64       45
64       45
64       45
64       45
64       45
64       45
64       45
64       45
64       45
64       45
64       45
64       45
64       45
64       45
64       45
64       45
64       45
64       45
64       45
64       45
64       45
64       45
64       45
64       45
64       45
64       45
64       45
64       45
64       45
64       45
64       45
64       45
64       45
64       45
64       45
64       45
64       45
64       45
64       45
64       45
64       45
64       45
64       45
64       45
64       45
64       45
64       45
64       45
64       45
64       45
64       45
64       45
64       45
64       45
64       45
64       45
64       45
64       45
64       45
64       45
64       45
64       45
64       45
64       45
64       45
64       45
64       45
64       45
64       45
64       47
64       47
64       47
64       47
64       47
64       47
64       47
64       47
64       47
64       47
64       47
64       47
64       47
64       47
64       47
64       47
64       47
64       47
64       47
64       47
64       47
64       47
64       47
64       47
64       47
64       47
64       47
64       47
64       47
64       47
64       47
64       47
64       47
64       47
64       47
64       47
64       47
64       47
64       47
64       47
64       47
67       18
67       20
67       20
67       20
67       22
67       22
67       22
67       22
67       24
67       24
67       24
67       24
67       24
67       26
67       26
67       26
67       26
67       26
67       26
67       26
67       28
67       28
67       28
67       28
67       28
67       28
67       28
67       28
67       28
67       28
67       28
67       28
67       28
67       30
67       30
67       30
67       30
67       30
67       30
67       30
67       30
67       32
67       32
67       32
67       32
67       32
67       32
67       32
67       32
67       32
67       32
67       34
67       34
67       34
67       34
67       34
67       34
67       34
67       34
67       34
67       34
67       34
67       34
67       34
67       34
67       36
67       36
67       36
67       36
67       36
67       36
67       36
67       36
67       36
67       36
67       36
67       36
67       36
67       36
67       38
67       38
67       38
67       38
67       38
67       38
67       38
67       38
67       38
67       38
67       38
67       38
67       38
67       38
67       40
67       40
67       40
67       40
67       40
67       40
67       40
67       40
67       40
67       40
67       40
67       40
67       40
67       40
67       40
67       40
67       40
67       43
67       43
67       43
67       43
67       43
67       43
67       43
67       43
67       43
67       43
67       43
67       43
67       43
67       43
67       43
67       43
67       43
67       43
67       43
67       43
67       43
67       43
67       43
67       43
67       43
67       43
67       43
67       43
67       43
67       43
67       43
67       43
67       43
67       43
67       43
67       43
67       43
67       43
67       43
67       43
67       43
67       43
67       43
67       43
67       43
67       43
67       43
67       43
67       43
67       43
67       43
67       45
67       45
67       45
67       45
67       45
67       45
67       45
67       45
67       45
67       45
67       45
67       45
67       45
67       45
67       45
67       45
67       45
67       45
67       45
67       45
67       45
67       45
67       45
67       45
67       45
67       45
67       45
67       45
67       45
67       45
67       45
67       45
67       45
67       45
67       45
67       45
67       45
67       45
67       45
67       45
67       45
67       45
67       45
67       45
67       45
67       45
67       45
67       45
67       45
67       45
67       45
67       45
67       45
67       45
67       45
67       45
67       45
67       45
67       45
67       45
67       45
67       45
67       45
67       45
67       45
67       45
67       45
67       45
67       45
67       45
67       45
67       45
67       45
67       45
67       45
67       45
67       45
67       45
67       45
67       45
67       45
67       45
67       45
67       47
67       47
67       47
67       47
67       47
67       47
67       47
67       47
67       47
67       47
67       47
67       47
67       47
67       47
67       47
67       47
67       47
67       47
67       47
67       47
67       47
67       47
67       47
67       47
67       47
67       47
67       47
67       47
67       47
67       47
67       47
67       47
67       47
67       47
67       47
67       47
67       47
67       47
67       47
67       47
67       47
67       47
67       47
67       47
67       47
67       47
67       47
67       47
67       47
67       47
67       47
67       47
67       47
67       47
67       47
67       47
67       47
67       47
67       47
67       47
67       47
67       47
67       47
67       47
67       47
67       47
67       47
67       47
67       47
67       47
67       47
67       47
67       47
67       47
67       47
67       47
67       47
67       47
67       47
67       47
67       47
67       47
67       47
67       49
67       49
67       49
67       49
67       49
67       49
67       49
67       49
67       49
67       49
67       49
67       49
67       49
67       49
67       49
67       49
67       49
67       49
67       49
67       49
67       49
67       49
67       49
67       49
67       49
70       16
70       16
70       18
70       18
70       18
70       20
70       20
70       20
70       22
70       22
70       22
70       22
70       24
70       24
70       24
70       24
70       24
70       24
70       24
70       26
70       26
70       26
70       26
70       26
70       26
70       26
70       26
70       28
70       28
70       28
70       28
70       28
70       28
70       28
70       28
70       28
70       28
70       28
70       28
70       28
70       30
70       30
70       30
70       30
70       30
70       30
70       30
70       30
70       30
70       30
70       30
70       32
70       32
70       32
70       32
70       32
70       32
70       32
70       32
70       32
70       32
70       32
70       32
70       32
70       32
70       34
70       34
70       34
70       34
70       34
70       34
70       34
70       34
70       34
70       34
70       34
70       34
70       34
70       34
70       36
70       36
70       36
70       36
70       36
70       36
70       36
70       36
70       36
70       36
70       36
70       36
70       36
70       36
70       38
70       38
70       38
70       38
70       38
70       38
70       38
70       38
70       38
70       38
70       38
70       38
70       38
70       38
70       38
70       38
70       38
70       40
70       40
70       40
70       40
70       40
70       40
70       40
70       40
70       40
70       40
70       40
70       40
70       40
70       40
70       40
70       40
70       40
70       40
70       40
70       43
70       43
70       43
70       43
70       43
70       43
70       43
70       43
70       43
70       43
70       43
70       43
70       43
70       43
70       43
70       43
70       43
70       43
70       43
70       43
70       43
70       43
70       43
70       43
70       43
70       43
70       43
70       43
70       43
70       43
70       43
70       43
70       43
70       43
70       43
70       43
70       43
70       43
70       43
70       43
70       43
70       43
70       43
70       43
70       43
70       43
70       43
70       43
70       43
70       43
70       43
70       45
70       45
70       45
70       45
70       45
70       45
70       45
70       45
70       45
70       45
70       45
70       45
70       45
70       45
70       45
70       45
70       45
70       45
70       45
70       45
70       45
70       45
70       45
70       45
70       45
70       45
70       45
70       45
70       45
70       45
70       45
70       45
70       45
70       45
70       45
70       45
70       45
70       45
70       45
70       45
70       45
70       45
70       45
70       45
70       45
70       45
70       45
70       45
70       45
70       45
70       45
70       45
70       45
70       45
70       45
70       45
70       45
70       45
70       45
70       45
70       45
70       45
70       45
70       45
70       45
70       45
70       45
70       45
70       45
70       45
70       45
70       45
70       45
70       45
70       45
70       45
70       45
70       45
70       45
70       45
70       45
70       45
70       45
70       47
70       47
70       47
70       47
70       47
70       47
70       47
70       47
70       47
70       47
70       47
70       47
70       47
70       47
70       47
70       47
70       47
70       47
70       47
70       47
70       47
70       47
70       47
70       47
70       47
70       47
70       47
70       47
70       47
70       47
70       47
70       47
70       47
70       47
70       47
70       47
70       47
70       47
70       47
70       47
70       47
70       49
70       49
70       49
70       49
70       49
70       49
70       49
70       49
70       49
70       49
70       49
70       49
70       49
70       49
70       49
70       49
70       49
70       49
70       49
70       49
70       49
70       49
70       49
70       49
70       49
70       49
70       49
70       49
70       49
70       49
70       49
70       49
70       49
70       51
70       51
70       51
70       51
70       51
70       51
70       51
70       51
70       51
70       51
70       51
70       51
70       51
70       51
70       51
70       51
70       51
70       51
70       51
70       51
70       51
70       51
73       13
73       13
73       16
73       16
73       16
73       18
73       18
73       18
73       20
73       20
73       20
73       22
73       22
73       22
73       22
73       22
73       22
73       22
73       24
73       24
73       24
73       24
73       24
73       24
73       24
73       24
73       26
73       26
73       26
73       26
73       26
73       26
73       26
73       26
73       28
73       28
73       28
73       28
73       28
73       28
73       28
73       28
73       28
73       28
73       28
73       28
73       28
73       28
73       28
73       28
73       30
73       30
73       30
73       30
73       30
73       30
73       30
73       30
73       30
73       30
73       30
73       30
73       30
73       30
73       32
73       32
73       32
73       32
73       32
73       32
73       32
73       32
73       32
73       32
73       32
73       32
73       32
73       32
73       34
73       34
73       34
73       34
73       34
73       34
73       34
73       34
73       34
73       34
73       34
73       34
73       34
73       34
73       36
73       36
73       36
73       36
73       36
73       36
73       36
73       36
73       36
73       36
73       36
73       36
73       36
73       36
73       36
73       36
73       36
73       38
73       38
73       38
73       38
73       38
73       38
73       38
73       38
73       38
73       38
73       38
73       38
73       38
73       38
73       38
73       38
73       38
73       38
73       38
73       40
73       40
73       40
73       40
73       40
73       40
73       40
73       40
73       40
73       40
73       40
73       40
73       40
73       40
73       40
73       40
73       40
73       40
73       40
73       43
73       43
73       43
73       43
73       43
73       43
73       43
73       43
73       43
73       43
73       43
73       43
73       43
73       43
73       43
73       43
73       43
73       43
73       43
73       43
73       43
73       43
73       43
73       43
73       43
73       43
73       43
73       43
73       43
73       43
73       43
73       43
73       43
73       43
73       43
73       43
73       43
73       43
73       43
73       43
73       43
73       43
73       43
73       45
73       45
73       45
73       45
73       45
73       45
73       45
73       45
73       45
73       45
73       45
73       45
73       45
73       45
73       45
73       45
73       45
73       45
73       45
73       45
73       45
73       45
73       45
73       45
73       45
73       45
73       45
73       45
73       45
73       45
73       45
73       45
73       45
73       45
73       45
73       45
73       45
73       45
73       45
73       45
73       45
73       47
73       47
73       47
73       47
73       47
73       47
73       47
73       47
73       47
73       47
73       47
73       47
73       47
73       47
73       47
73       47
73       47
73       47
73       47
73       47
73       47
73       47
73       47
73       47
73       47
73       47
73       47
73       47
73       47
73       47
73       47
73       47
73       47
73       49
73       49
73       49
73       49
73       49
73       49
73       49
73       49
73       49
73       49
73       49
73       49
73       49
73       49
73       49
73       49
73       49
73       49
73       49
73       49
73       49
73       49
73       49
73       49
73       49
73       49
73       49
73       49
73       49
73       49
73       49
73       49
73       49
73       51
73       51
73       51
73       51
73       51
73       51
73       51
73       51
73       51
73       51
73       51
73       51
73       51
73       51
73       51
73       51
73       51
73       51
73       51
73       51
73       51
73       51
73       51
73       51
73       51
73       51
73       51
73       51
73       51
73       51
73       51
73       51
73       53
73       53
73       53
73       53
73       53
73       53
73       53
73       53
73       53
73       53
73       53
73       53
73       53
73       53
73       53
73       53
73       53
73       53
73       53
73       53
76       11
76       13
76       13
76       16
76       16
76       18
76       18
76       20
76       20
76       20
76       20
76       22
76       22
76       22
76       22
76       22
76       24
76       24
76       24
76       24
76       24
76       26
76       26
76       26
76       26
76       26
76       28
76       28
76       28
76       28
76       28
76       28
76       28
76       28
76       28
76       28
76       28
76       28
76       28
76       28
76       30
76       30
76       30
76       30
76       30
76       30
76       30
76       30
76       30
76       32
76       32
76       32
76       32
76       32
76       32
76       32
76       32
76       32
76       34
76       34
76       34
76       34
76       34
76       34
76       34
76       34
76       34
76       34
76       34
76       34
76       36
76       36
76       36
76       36
76       36
76       36
76       36
76       36
76       36
76       36
76       36
76       36
76       38
76       38
76       38
76       38
76       38
76       38
76       38
76       38
76       38
76       38
76       38
76       38
76       40
76       40
76       40
76       40
76       40
76       40
76       40
76       40
76       40
76       40
76       40
76       40
76       43
76       43
76       43
76       43
76       43
76       43
76       43
76       43
76       43
76       43
76       43
76       43
76       43
76       43
76       43
76       43
76       45
76       45
76       45
76       45
76       45
76       45
76       45
76       45
76       45
76       45
76       45
76       45
76       45
76       45
76       45
76       45
76       45
76       45
76       45
76       45
76       45
76       45
76       47
76       47
76       47
76       47
76       47
76       47
76       47
76       47
76       47
76       47
76       47
76       47
76       47
76       47
76       47
76       47
76       47
76       47
76       47
76       47
76       47
76       47
76       49
76       49
76       49
76       49
76       49
76       49
76       49
76       49
76       49
76       49
76       49
76       49
76       49
76       49
76       49
76       49
76       49
76       49
76       49
76       49
76       51
76       51
76       51
76       51
76       51
76       51
76       51
76       51
76       51
76       51
76       51
76       51
76       51
76       51
76       51
76       51
76       53
76       53
76       53
76       53
76       53
76       53
76       53
76       53
76       53
76       53
76       53
76       53
76       53
76       53
76       53
76       53
76       55
76       55
76       55
76       55
76       55
76       55
76       55
76       55
76       55
76       55
76       55
76       55
78       11
78       11
78       11
78       13
78       13
78       13
78       16
78       16
78       16
78       18
78       18
78       18
78       18
78       18
78       18
78       20
78       20
78       20
78       20
78       20
78       20
78       20
78       22
78       22
78       22
78       22
78       22
78       22
78       22
78       22
78       24
78       24
78       24
78       24
78       24
78       24
78       24
78       24
78       24
78       26
78       26
78       26
78       26
78       26
78       26
78       26
78       26
78       26
78       26
78       26
78       26
78       26
78       28
78       28
78       28
78       28
78       28
78       28
78       28
78       28
78       28
78       28
78       28
78       28
78       28
78       28
78       28
78       28
78       28
78       28
78       28
78       28
78       28
78       28
78       30
78       30
78       30
78       30
78       30
78       30
78       30
78       30
78       30
78       30
78       30
78       30
78       30
78       30
78       32
78       32
78       32
78       32
78       32
78       32
78       32
78       32
78       32
78       32
78       32
78       32
78       32
78       32
78       32
78       32
78       32
78       34
78       34
78       34
78       34
78       34
78       34
78       34
78       34
78       34
78       34
78       34
78       34
78       34
78       34
78       34
78       34
78       34
78       34
78       34
78       36
78       36
78       36
78       36
78       36
78       36
78       36
78       36
78       36
78       36
78       36
78       36
78       36
78       36
78       36
78       36
78       36
78       36
78       36
78       38
78       38
78       38
78       38
78       38
78       38
78       38
78       38
78       38
78       38
78       38
78       38
78       38
78       38
78       38
78       38
78       38
78       38
78       38
78       40
78       40
78       40
78       40
78       40
78       40
78       40
78       40
78       40
78       40
78       40
78       40
78       40
78       40
78       43
78       43
78       43
78       43
78       43
78       43
78       43
78       43
78       43
78       43
78       43
78       43
78       43
78       43
78       43
78       43
78       43
78       43
78       43
78       43
78       43
78       43
78       43
78       45
78       45
78       45
78       45
78       45
78       45
78       45
78       45
78       45
78       45
78       45
78       45
78       45
78       45
78       45
78       45
78       45
78       45
78       45
78       45
78       45
78       45
78       45
78       45
78       45
78       45
78       45
78       45
78       45
78       45
78       45
78       45
78       45
78       47
78       47
78       47
78       47
78       47
78       47
78       47
78       47
78       47
78       47
78       47
78       47
78       47
78       47
78       47
78       47
78       47
78       47
78       47
78       47
78       47
78       47
78       47
78       47
78       47
78       47
78       47
78       47
78       47
78       47
78       47
78       47
78       49
78       49
78       49
78       49
78       49
78       49
78       49
78       49
78       49
78       49
78       49
78       49
78       49
78       49
78       49
78       49
78       49
78       49
78       49
78       49
78       49
78       49
78       49
78       49
78       49
78       49
78       51
78       51
78       51
78       51
78       51
78       51
78       51
78       51
78       51
78       51
78       51
78       51
78       51
78       51
78       51
78       51
78       51
78       51
78       51
78       51
78       51
78       51
78       51
78       51
78       53
78       53
78       53
78       53
78       53
78       53
78       53
78       53
78       53
78       53
78       53
78       53
78       53
78       53
78       53
78       53
78       53
78       53
78       53
78       53
78       53
78       53
78       53
78       53
78       55
78       55
78       55
78       55
78       55
78       55
78       55
78       55
78       55
78       55
78       55
78       55
78       55
78       55
78       55
78       55
78       55
78       55
78       55
78       55
78       55
78       55
78       55
78       55
78       55
78       55
78       55
78       57
78       57
78       57
78       57
81       11
81       11
81       11
81       13
81       13
81       13
81       16
81       16
81       16
81       16
81       16
81       16
81       16
81       18
81       18
81       18
81       18
81       18
81       18
81       18
81       20
81       20
81       20
81       20
81       20
81       20
81       20
81       22
81       22
81       22
81       22
81       22
81       22
81       22
81       22
81       22
81       24
81       24
81       24
81       24
81       24
81       24
81       24
81       24
81       24
81       24
81       24
81       24
81       24
81       26
81       26
81       26
81       26
81       26
81       26
81       26
81       26
81       26
81       26
81       26
81       26
81       26
81       26
81       28
81       28
81       28
81       28
81       28
81       28
81       28
81       28
81       28
81       28
81       28
81       28
81       28
81       28
81       28
81       28
81       28
81       28
81       28
81       28
81       28
81       28
81       30
81       30
81       30
81       30
81       30
81       30
81       30
81       30
81       30
81       30
81       30
81       30
81       30
81       30
81       30
81       30
81       30
81       30
81       32
81       32
81       32
81       32
81       32
81       32
81       32
81       32
81       32
81       32
81       32
81       32
81       32
81       32
81       32
81       32
81       32
81       32
81       32
81       34
81       34
81       34
81       34
81       34
81       34
81       34
81       34
81       34
81       34
81       34
81       34
81       34
81       34
81       34
81       34
81       34
81       34
81       34
81       36
81       36
81       36
81       36
81       36
81       36
81       36
81       36
81       36
81       36
81       36
81       36
81       36
81       36
81       36
81       36
81       36
81       36
81       38
81       38
81       38
81       38
81       38
81       38
81       38
81       38
81       38
81       38
81       38
81       38
81       38
81       38
81       40
81       40
81       40
81       40
81       40
81       40
81       40
81       40
81       40
81       40
81       40
81       40
81       40
81       43
81       43
81       43
81       43
81       43
81       43
81       43
81       43
81       43
81       43
81       43
81       43
81       43
81       43
81       43
81       43
81       43
81       43
81       43
81       43
81       43
81       43
81       43
81       45
81       45
81       45
81       45
81       45
81       45
81       45
81       45
81       45
81       45
81       45
81       45
81       45
81       45
81       45
81       45
81       45
81       45
81       45
81       45
81       45
81       45
81       45
81       45
81       45
81       45
81       45
81       45
81       45
81       45
81       45
81       45
81       47
81       47
81       47
81       47
81       47
81       47
81       47
81       47
81       47
81       47
81       47
81       47
81       47
81       47
81       47
81       47
81       47
81       47
81       47
81       47
81       47
81       47
81       47
81       47
81       49
81       49
81       49
81       49
81       49
81       49
81       49
81       49
81       49
81       49
81       49
81       49
81       49
81       49
81       49
81       49
81       49
81       49
81       49
81       49
81       49
81       49
81       49
81       49
81       51
81       51
81       51
81       51
81       51
81       51
81       51
81       51
81       51
81       51
81       51
81       51
81       51
81       51
81       51
81       51
81       51
81       51
81       51
81       51
81       51
81       51
81       51
81       51
81       53
81       53
81       53
81       53
81       53
81       53
81       53
81       53
81       53
81       53
81       53
81       53
81       53
81       53
81       53
81       53
81       53
81       53
81       53
81       55
81       55
81       55
81       55
81       55
81       55
81       55
81       55
81       55
81       55
81       55
81       55
81       55
81       55
81       55
81       55
81       55
81       55
81       55
81       55
81       57
81       57
81       57
81       57
81       57
81       57
81       57
81       57
81       57
81       57
81       57
81       57
81       57
81       59
81       59
81       59
81       59
81       59
84       11
84       11
84       13
84       13
84       13
84       13
84       13
84       13
84       13
84       16
84       16
84       16
84       16
84       16
84       16
84       16
84       18
84       18
84       18
84       18
84       18
84       18
84       18
84       20
84       20
84       20
84       20
84       20
84       20
84       20
84       20
84       20
84       22
84       22
84       22
84       22
84       22
84       22
84       22
84       22
84       22
84       22
84       22
84       22
84       22
84       22
84       22
84       22
84       24
84       24
84       24
84       24
84       24
84       24
84       24
84       24
84       24
84       24
84       24
84       24
84       24
84       24
84       26
84       26
84       26
84       26
84       26
84       26
84       26
84       26
84       26
84       26
84       26
84       26
84       26
84       26
84       28
84       28
84       28
84       28
84       28
84       28
84       28
84       28
84       28
84       28
84       28
84       28
84       28
84       28
84       28
84       28
84       28
84       28
84       28
84       28
84       28
84       28
84       28
84       28
84       28
84       28
84       30
84       30
84       30
84       30
84       30
84       30
84       30
84       30
84       30
84       30
84       30
84       30
84       30
84       30
84       30
84       30
84       30
84       30
84       30
84       32
84       32
84       32
84       32
84       32
84       32
84       32
84       32
84       32
84       32
84       32
84       32
84       32
84       32
84       32
84       32
84       32
84       32
84       32
84       34
84       34
84       34
84       34
84       34
84       34
84       34
84       34
84       34
84       34
84       34
84       34
84       34
84       34
84       34
84       34
84       34
84       34
84       36
84       36
84       36
84       36
84       36
84       36
84       36
84       36
84       36
84       36
84       36
84       36
84       36
84       36
84       38
84       38
84       38
84       38
84       38
84       38
84       38
84       38
84       38
84       38
84       38
84       38
84       38
84       40
84       40
84       40
84       40
84       40
84       40
84       40
84       40
84       40
84       40
84       40
84       40
84       40
84       43
84       43
84       43
84       43
84       43
84       43
84       43
84       43
84       43
84       43
84       43
84       43
84       43
84       43
84       43
84       43
84       43
84       43
84       43
84       43
84       45
84       45
84       45
84       45
84       45
84       45
84       45
84       45
84       45
84       45
84       45
84       45
84       45
84       45
84       45
84       45
84       45
84       45
84       45
84       45
84       45
84       45
84       45
84       45
84       47
84       47
84       47
84       47
84       47
84       47
84       47
84       47
84       47
84       47
84       47
84       47
84       47
84       47
84       47
84       47
84       47
84       47
84       47
84       47
84       47
84       47
84       47
84       47
84       49
84       49
84       49
84       49
84       49
84       49
84       49
84       49
84       49
84       49
84       49
84       49
84       49
84       49
84       49
84       49
84       49
84       49
84       49
84       49
84       49
84       49
84       49
84       49
84       51
84       51
84       51
84       51
84       51
84       51
84       51
84       51
84       51
84       51
84       51
84       51
84       51
84       51
84       51
84       51
84       51
84       51
84       51
84       53
84       53
84       53
84       53
84       53
84       53
84       53
84       53
84       53
84       53
84       53
84       53
84       53
84       55
84       55
84       55
84       55
84       55
84       55
84       55
84       55
84       55
84       55
84       55
84       55
84       55
84       55
84       55
84       55
84       55
84       55
84       55
84       55
84       57
84       57
84       57
84       57
84       57
84       57
84       57
84       57
84       57
84       57
84       57
84       57
84       59
84       59
84       59
84       59
84       59
84       59
84       61
84       61
84       61
87       11
87       13
87       13
87       13
87       13
87       13
87       13
87       13
87       16
87       16
87       16
87       16
87       16
87       16
87       16
87       18
87       18
87       18
87       18
87       18
87       18
87       18
87       18
87       18
87       18
87       18
87       20
87       20
87       20
87       20
87       20
87       20
87       20
87       20
87       20
87       20
87       20
87       20
87       20
87       20
87       20
87       20
87       20
87       22
87       22
87       22
87       22
87       22
87       22
87       22
87       22
87       22
87       22
87       22
87       22
87       22
87       22
87       22
87       22
87       24
87       24
87       24
87       24
87       24
87       24
87       24
87       24
87       24
87       24
87       24
87       24
87       24
87       24
87       26
87       26
87       26
87       26
87       26
87       26
87       26
87       26
87       26
87       26
87       26
87       26
87       26
87       26
87       26
87       26
87       26
87       28
87       28
87       28
87       28
87       28
87       28
87       28
87       28
87       28
87       28
87       28
87       28
87       28
87       28
87       28
87       28
87       28
87       28
87       28
87       28
87       28
87       28
87       28
87       28
87       28
87       28
87       28
87       28
87       30
87       30
87       30
87       30
87       30
87       30
87       30
87       30
87       30
87       30
87       30
87       30
87       30
87       30
87       30
87       30
87       30
87       30
87       30
87       32
87       32
87       32
87       32
87       32
87       32
87       32
87       32
87       32
87       32
87       32
87       32
87       32
87       32
87       32
87       32
87       32
87       32
87       34
87       34
87       34
87       34
87       34
87       34
87       34
87       34
87       34
87       34
87       34
87       34
87       34
87       36
87       36
87       36
87       36
87       36
87       36
87       36
87       36
87       36
87       36
87       36
87       36
87       36
87       38
87       38
87       38
87       38
87       38
87       38
87       38
87       38
87       38
87       38
87       38
87       38
87       38
87       40
87       40
87       40
87       40
87       40
87       40
87       40
87       40
87       40
87       40
87       40
87       40
87       40
87       40
87       40
87       40
87       43
87       43
87       43
87       43
87       43
87       43
87       43
87       43
87       43
87       43
87       43
87       43
87       43
87       43
87       43
87       43
87       43
87       43
87       43
87       43
87       43
87       43
87       45
87       45
87       45
87       45
87       45
87       45
87       45
87       45
87       45
87       45
87       45
87       45
87       45
87       45
87       45
87       45
87       45
87       45
87       45
87       45
87       45
87       45
87       45
87       45
87       47
87       47
87       47
87       47
87       47
87       47
87       47
87       47
87       47
87       47
87       47
87       47
87       47
87       47
87       47
87       47
87       47
87       47
87       47
87       47
87       47
87       47
87       47
87       47
87       49
87       49
87       49
87       49
87       49
87       49
87       49
87       49
87       49
87       49
87       49
87       49
87       49
87       49
87       49
87       49
87       49
87       51
87       51
87       51
87       51
87       51
87       51
87       51
87       51
87       51
87       51
87       51
87       51
87       51
87       53
87       53
87       53
87       53
87       53
87       53
87       53
87       53
87       53
87       53
87       53
87       53
87       53
87       55
87       55
87       55
87       55
87       55
87       55
87       55
87       55
87       55
87       55
87       55
87       55
87       55
87       55
87       55
87       55
87       55
87       57
87       57
87       57
87       57
87       57
87       57
87       59
87       59
87       59
87       59
87       59
87       59
87       61
87       61
87       61
87       61
87       61
87       61
87       63
87       63
87       63
90       13
90       13
90       13
90       13
90       13
90       16
90       16
90       16
90       16
90       16
90       16
90       16
90       16
90       16
90       16
90       16
90       16
90       18
90       18
90       18
90       18
90       18
90       18
90       18
90       18
90       18
90       18
90       18
90       18
90       18
90       18
90       18
90       18
90       18
90       20
90       20
90       20
90       20
90       20
90       20
90       20
90       20
90       20
90       20
90       20
90       20
90       20
90       20
90       20
90       20
90       20
90       22
90       22
90       22
90       22
90       22
90       22
90       22
90       22
90       22
90       22
90       22
90       22
90       22
90       22
90       22
90       22
90       24
90       24
90       24
90       24
90       24
90       24
90       24
90       24
90       24
90       24
90       24
90       24
90       24
90       24
90       24
90       24
90       24
90       26
90       26
90       26
90       26
90       26
90       26
90       26
90       26
90       26
90       26
90       26
90       26
90       26
90       26
90       26
90       26
90       26
90       26
90       26
90       28
90       28
90       28
90       28
90       28
90       28
90       28
90       28
90       28
90       28
90       28
90       28
90       28
90       28
90       28
90       28
90       28
90       28
90       28
90       28
90       28
90       28
90       28
90       28
90       28
90       28
90       28
90       28
90       30
90       30
90       30
90       30
90       30
90       30
90       30
90       30
90       30
90       30
90       30
90       30
90       30
90       30
90       30
90       30
90       30
90       32
90       32
90       32
90       32
90       32
90       32
90       32
90       32
90       32
90       32
90       32
90       32
90       32
90       34
90       34
90       34
90       34
90       34
90       34
90       34
90       34
90       34
90       34
90       34
90       34
90       34
90       36
90       36
90       36
90       36
90       36
90       36
90       36
90       36
90       36
90       36
90       36
90       36
90       36
90       38
90       38
90       38
90       38
90       38
90       38
90       38
90       38
90       38
90       38
90       38
90       38
90       38
90       38
90       38
90       38
90       40
90       40
90       40
90       40
90       40
90       40
90       40
90       40
90       40
90       40
90       40
90       40
90       40
90       40
90       40
90       40
90       40
90       40
90       40
90       40
90       43
90       43
90       43
90       43
90       43
90       43
90       43
90       43
90       43
90       43
90       43
90       43
90       43
90       43
90       43
90       43
90       43
90       43
90       43
90       43
90       43
90       43
90       45
90       45
90       45
90       45
90       45
90       45
90       45
90       45
90       45
90       45
90       45
90       45
90       45
90       45
90       45
90       45
90       45
90       45
90       45
90       45
90       45
90       45
90       45
90       45
90       47
90       47
90       47
90       47
90       47
90       47
90       47
90       47
90       47
90       47
90       47
90       47
90       47
90       47
90       47
90       49
90       49
90       49
90       49
90       49
90       49
90       49
90       49
90       49
90       49
90       49
90       49
90       49
90       51
90       51
90       51
90       51
90       51
90       51
90       51
90       51
90       51
90       51
90       51
90       51
90       51
90       53
90       53
90       53
90       53
90       53
90       53
90       53
90       53
90       53
90       53
90       53
90       53
90       55
90       55
90       55
90       55
90       55
90       55
90       55
90       55
90       55
90       55
90       55
90       57
90       57
90       57
90       57
90       57
90       57
90       59
90       59
90       59
90       59
90       59
90       59
90       61
90       61
90       61
90       61
90       61
90       63
90       63
90       63
90       63
90       65
90       65
90       65
90       65
90       65
90       65
90       65
90       65
90       65
90       65
90       65
90       65
90       65
90       65
90       65
90       65
90       65
90       65
90       65
90       65
90       67
90       67
90       67
90       67
93       13
93       13
93       13
93       13
93       16
93       16
93       16
93       16
93       16
93       16
93       16
93       16
93       16
93       16
93       16
93       16
93       16
93       16
93       16
93       16
93       16
93       18
93       18
93       18
93       18
93       18
93       18
93       18
93       18
93       18
93       18
93       18
93       18
93       18
93       18
93       18
93       18
93       18
93       20
93       20
93       20
93       20
93       20
93       20
93       20
93       20
93       20
93       20
93       20
93       20
93       20
93       20
93       20
93       20
93       20
93       22
93       22
93       22
93       22
93       22
93       22
93       22
93       22
93       22
93       22
93       22
93       22
93       22
93       22
93       22
93       22
93       22
93       22
93       22
93       22
93       22
93       22
93       22
93       24
93       24
93       24
93       24
93       24
93       24
93       24
93       24
93       24
93       24
93       24
93       24
93       24
93       24
93       24
93       24
93       24
93       24
93       24
93       26
93       26
93       26
93       26
93       26
93       26
93       26
93       26
93       26
93       26
93       26
93       26
93       26
93       26
93       26
93       26
93       26
93       26
93       26
93       28
93       28
93       28
93       28
93       28
93       28
93       28
93       28
93       28
93       28
93       28
93       28
93       28
93       28
93       28
93       28
93       28
93       28
93       28
93       28
93       28
93       28
93       28
93       28
93       28
93       28
93       30
93       30
93       30
93       30
93       30
93       30
93       30
93       30
93       30
93       30
93       30
93       30
93       30
93       32
93       32
93       32
93       32
93       32
93       32
93       32
93       32
93       32
93       32
93       32
93       32
93       32
93       34
93       34
93       34
93       34
93       34
93       34
93       34
93       34
93       34
93       34
93       34
93       34
93       34
93       36
93       36
93       36
93       36
93       36
93       36
93       36
93       36
93       36
93       36
93       36
93       36
93       36
93       36
93       36
93       36
93       36
93       36
93       38
93       38
93       38
93       38
93       38
93       38
93       38
93       38
93       38
93       38
93       38
93       38
93       38
93       38
93       38
93       38
93       38
93       38
93       38
93       38
93       40
93       40
93       40
93       40
93       40
93       40
93       40
93       40
93       40
93       40
93       40
93       40
93       40
93       40
93       40
93       40
93       40
93       40
93       40
93       40
93       43
93       43
93       43
93       43
93       43
93       43
93       43
93       43
93       43
93       43
93       43
93       43
93       43
93       43
93       43
93       43
93       43
93       43
93       43
93       43
93       45
93       45
93       45
93       45
93       45
93       45
93       45
93       45
93       45
93       45
93       45
93       45
93       45
93       45
93       45
93       47
93       47
93       47
93       47
93       47
93       47
93       47
93       47
93       47
93       47
93       47
93       47
93       47
93       49
93       49
93       49
93       49
93       49
93       49
93       49
93       49
93       49
93       49
93       49
93       49
93       49
93       51
93       51
93       51
93       51
93       51
93       51
93       51
93       51
93       51
93       51
93       51
93       51
93       53
93       53
93       53
93       53
93       53
93       53
93       53
93       55
93       55
93       55
93       55
93       55
93       55
93       55
93       55
93       55
93       55
93       57
93       57
93       57
93       57
93       57
93       57
93       59
93       59
93       59
93       59
93       61
93       61
93       61
93       61
93       63
93       63
93       63
93       63
93       65
93       65
93       65
93       65
93       65
93       65
93       65
93       65
93       65
93       65
93       65
93       65
93       65
93       65
93       65
93       65
93       65
93       65
93       65
93       65
93       65
93       67
93       67
93       67
93       67
93       67
95       16
95       16
95       16
95       16
95       16
95       16
95       16
95       16
95       16
95       16
95       16
95       18
95       18
95       18
95       18
95       18
95       18
95       18
95       18
95       18
95       18
95       18
95       20
95       20
95       20
95       20
95       20
95       20
95       20
95       20
95       20
95       20
95       20
95       20
95       20
95       20
95       20
95       20
95       20
95       20
95       20
95       22
95       22
95       22
95       22
95       22
95       22
95       22
95       22
95       22
95       22
95       22
95       22
95       22
95       22
95       22
95       22
95       22
95       24
95       24
95       24
95       24
95       24
95       24
95       24
95       24
95       24
95       24
95       24
95       24
95       26
95       26
95       26
95       26
95       26
95       26
95       26
95       26
95       26
95       26
95       26
95       26
95       28
95       28
95       28
95       28
95       28
95       28
95       28
95       28
95       28
95       28
95       28
95       28
95       28
95       28
95       30
95       30
95       30
95       30
95       30
95       30
95       30
95       30
95       32
95       32
95       32
95       32
95       32
95       32
95       32
95       32
95       34
95       34
95       34
95       34
95       34
95       34
95       34
95       34
95       34
95       34
95       34
95       34
95       36
95       36
95       36
95       36
95       36
95       36
95       36
95       36
95       36
95       36
95       36
95       36
95       36
95       38
95       38
95       38
95       38
95       38
95       38
95       38
95       38
95       38
95       38
95       38
95       38
95       38
95       40
95       40
95       40
95       40
95       40
95       40
95       40
95       40
95       40
95       40
95       40
95       40
95       40
95       43
95       43
95       43
95       43
95       43
95       43
95       43
95       43
95       43
95       43
95       43
95       45
95       45
95       45
95       45
95       45
95       45
95       45
95       45
95       47
95       47
95       47
95       47
95       47
95       47
95       47
95       47
95       49
95       49
95       49
95       49
95       49
95       49
95       49
95       49
95       51
95       51
95       51
95       51
95       53
95       53
95       53
95       53
95       55
95       55
95       55
95       55
95       55
95       55
95       57
95       57
95       57
95       59
95       59
95       61
95       61
95       63
95       63
95       65
95       67
95       70
98       16
98       16
98       16
98       16
98       16
98       16
98       16
98       16
98       18
98       18
98       18
98       18
98       18
98       18
98       18
98       18
98       18
98       18
98       18
98       18
98       18
98       18
98       18
98       18
98       18
98       18
98       18
98       18
98       18
98       18
98       18
98       18
98       18
98       18
98       18
98       18
98       20
98       20
98       20
98       20
98       20
98       20
98       20
98       20
98       20
98       20
98       20
98       20
98       20
98       20
98       20
98       20
98       20
98       20
98       20
98       20
98       20
98       20
98       20
98       20
98       20
98       20
98       20
98       20
98       20
98       20
98       20
98       20
98       20
98       22
98       22
98       22
98       22
98       22
98       22
98       22
98       22
98       22
98       22
98       22
98       22
98       22
98       22
98       22
98       22
98       22
98       22
98       22
98       22
98       22
98       22
98       22
98       22
98       22
98       22
98       24
98       24
98       24
98       24
98       24
98       24
98       24
98       24
98       24
98       24
98       24
98       24
98       24
98       24
98       24
98       24
98       24
98       24
98       24
98       26
98       26
98       26
98       26
98       26
98       26
98       26
98       26
98       26
98       26
98       26
98       26
98       26
98       26
98       28
98       28
98       28
98       28
98       28
98       28
98       28
98       28
98       28
98       28
98       28
98       28
98       28
98       28
98       28
98       28
98       28
98       28
98       28
98       28
98       30
98       30
98       30
98       30
98       30
98       30
98       30
98       30
98       30
98       30
98       30
98       30
98       30
98       32
98       32
98       32
98       32
98       32
98       32
98       32
98       32
98       32
98       32
98       32
98       32
98       32
98       32
98       32
98       32
98       34
98       34
98       34
98       34
98       34
98       34
98       34
98       34
98       34
98       34
98       34
98       34
98       34
98       34
98       34
98       34
98       34
98       34
98       34
98       34
98       36
98       36
98       36
98       36
98       36
98       36
98       36
98       36
98       36
98       36
98       36
98       36
98       36
98       36
98       36
98       36
98       36
98       36
98       36
98       36
98       38
98       38
98       38
98       38
98       38
98       38
98       38
98       38
98       38
98       38
98       38
98       38
98       38
98       38
98       38
98       38
98       38
98       38
98       38
98       38
98       40
98       40
98       40
98       40
98       40
98       40
98       40
98       40
98       40
98       40
98       40
98       40
98       40
98       40
98       40
98       40
98       40
98       40
98       40
98       40
98       40
98       40
98       40
98       43
98       43
98       43
98       43
98       43
98       43
98       43
98       43
98       43
98       43
98       43
98       43
98       43
98       43
98       43
98       43
98       43
98       43
98       45
98       45
98       45
98       45
98       45
98       45
98       45
98       45
98       45
98       45
98       45
98       45
98       45
98       47
98       47
98       47
98       47
98       47
98       47
98       47
98       47
98       47
98       47
98       47
98       47
98       49
98       49
98       49
98       49
98       49
98       49
98       49
98       51
98       51
98       51
98       51
98       51
98       51
98       53
98       53
98       53
98       53
98       53
98       53
98       55
98       55
98       55
98       55
98       55
98       55
98       55
98       55
98       57
98       57
98       57
98       57
98       59
98       59
98       59
98       59
98       61
98       61
98       61
98       63
98       63
98       63
98       65
98       65
98       67
98       67
98       70
101       16
101       16
101       16
101       16
101       16
101       18
101       18
101       18
101       18
101       18
101       18
101       18
101       18
101       18
101       18
101       18
101       18
101       18
101       18
101       18
101       18
101       18
101       18
101       18
101       18
101       18
101       18
101       18
101       18
101       18
101       18
101       18
101       18
101       18
101       18
101       18
101       18
101       18
101       20
101       20
101       20
101       20
101       20
101       20
101       20
101       20
101       20
101       20
101       20
101       20
101       20
101       20
101       20
101       20
101       20
101       20
101       20
101       20
101       20
101       20
101       20
101       20
101       20
101       20
101       20
101       20
101       20
101       20
101       20
101       20
101       20
101       22
101       22
101       22
101       22
101       22
101       22
101       22
101       22
101       22
101       22
101       22
101       22
101       22
101       22
101       22
101       22
101       22
101       22
101       22
101       22
101       22
101       22
101       22
101       22
101       22
101       24
101       24
101       24
101       24
101       24
101       24
101       24
101       24
101       24
101       24
101       24
101       24
101       24
101       24
101       26
101       26
101       26
101       26
101       26
101       26
101       26
101       26
101       26
101       26
101       26
101       26
101       26
101       28
101       28
101       28
101       28
101       28
101       28
101       28
101       28
101       28
101       28
101       28
101       28
101       28
101       28
101       28
101       28
101       28
101       28
101       28
101       28
101       30
101       30
101       30
101       30
101       30
101       30
101       30
101       30
101       30
101       30
101       30
101       30
101       30
101       30
101       30
101       30
101       30
101       30
101       32
101       32
101       32
101       32
101       32
101       32
101       32
101       32
101       32
101       32
101       32
101       32
101       32
101       32
101       32
101       32
101       32
101       32
101       32
101       32
101       34
101       34
101       34
101       34
101       34
101       34
101       34
101       34
101       34
101       34
101       34
101       34
101       34
101       34
101       34
101       34
101       34
101       34
101       34
101       34
101       36
101       36
101       36
101       36
101       36
101       36
101       36
101       36
101       36
101       36
101       36
101       36
101       36
101       36
101       36
101       36
101       36
101       36
101       36
101       36
101       36
101       38
101       38
101       38
101       38
101       38
101       38
101       38
101       38
101       38
101       38
101       38
101       38
101       38
101       38
101       38
101       38
101       38
101       38
101       38
101       38
101       38
101       38
101       38
101       40
101       40
101       40
101       40
101       40
101       40
101       40
101       40
101       40
101       40
101       40
101       40
101       40
101       40
101       40
101       40
101       40
101       40
101       40
101       40
101       40
101       40
101       40
101       40
101       43
101       43
101       43
101       43
101       43
101       43
101       43
101       43
101       43
101       43
101       43
101       43
101       43
101       43
101       43
101       43
101       43
101       43
101       45
101       45
101       45
101       45
101       45
101       45
101       45
101       45
101       45
101       45
101       45
101       45
101       47
101       47
101       47
101       47
101       47
101       47
101       47
101       49
101       49
101       49
101       49
101       49
101       49
101       51
101       51
101       51
101       51
101       51
101       51
101       53
101       53
101       53
101       53
101       53
101       55
101       55
101       55
101       55
101       55
101       55
101       57
101       57
101       57
101       57
101       59
101       59
101       59
101       61
101       61
101       61
101       63
101       63
101       63
101       65
101       65
101       67
104       18
104       18
104       18
104       18
104       18
104       18
104       18
104       18
104       18
104       18
104       18
104       18
104       18
104       18
104       18
104       18
104       18
104       18
104       18
104       18
104       18
104       18
104       20
104       20
104       20
104       20
104       20
104       20
104       20
104       20
104       20
104       20
104       20
104       20
104       20
104       20
104       20
104       20
104       20
104       20
104       20
104       20
104       20
104       20
104       20
104       20
104       20
104       20
104       20
104       20
104       20
104       20
104       20
104       20
104       20
104       20
104       20
104       20
104       22
104       22
104       22
104       22
104       22
104       22
104       22
104       22
104       22
104       22
104       22
104       22
104       22
104       22
104       22
104       22
104       22
104       22
104       22
104       22
104       22
104       22
104       22
104       22
104       22
104       22
104       22
104       22
104       22
104       24
104       24
104       24
104       24
104       24
104       24
104       24
104       24
104       24
104       24
104       24
104       24
104       24
104       26
104       26
104       26
104       26
104       26
104       26
104       26
104       26
104       26
104       26
104       26
104       26
104       26
104       28
104       28
104       28
104       28
104       28
104       28
104       28
104       28
104       28
104       28
104       28
104       28
104       28
104       28
104       28
104       28
104       28
104       28
104       28
104       28
104       28
104       28
104       28
104       28
104       28
104       28
104       30
104       30
104       30
104       30
104       30
104       30
104       30
104       30
104       30
104       30
104       30
104       30
104       30
104       30
104       30
104       30
104       30
104       30
104       30
104       30
104       32
104       32
104       32
104       32
104       32
104       32
104       32
104       32
104       32
104       32
104       32
104       32
104       32
104       32
104       32
104       32
104       32
104       32
104       32
104       32
104       34
104       34
104       34
104       34
104       34
104       34
104       34
104       34
104       34
104       34
104       34
104       34
104       34
104       34
104       34
104       34
104       34
104       34
104       34
104       34
104       34
104       36
104       36
104       36
104       36
104       36
104       36
104       36
104       36
104       36
104       36
104       36
104       36
104       36
104       36
104       36
104       36
104       36
104       36
104       36
104       36
104       36
104       36
104       36
104       38
104       38
104       38
104       38
104       38
104       38
104       38
104       38
104       38
104       38
104       38
104       38
104       38
104       38
104       38
104       38
104       38
104       38
104       38
104       38
104       38
104       38
104       38
104       38
104       40
104       40
104       40
104       40
104       40
104       40
104       40
104       40
104       40
104       40
104       40
104       40
104       40
104       40
104       40
104       40
104       40
104       40
104       40
104       40
104       40
104       40
104       40
104       40
104       43
104       43
104       43
104       43
104       43
104       43
104       43
104       43
104       43
104       43
104       43
104       43
104       43
104       43
104       43
104       43
104       45
104       45
104       45
104       45
104       45
104       45
104       47
104       47
104       47
104       47
104       47
104       47
104       49
104       49
104       49
104       49
104       49
104       49
104       51
104       51
104       51
104       51
104       51
104       53
104       53
104       53
104       53
104       55
104       55
104       55
104       55
104       55
104       55
104       57
104       57
104       57
104       59
104       59
104       59
104       61
104       61
104       61
104       63
104       63
104       63
104       65
107       18
107       18
107       18
107       18
107       18
107       20
107       20
107       20
107       20
107       20
107       20
107       20
107       20
107       20
107       20
107       20
107       20
107       20
107       20
107       20
107       20
107       20
107       20
107       20
107       20
107       20
107       20
107       20
107       20
107       20
107       20
107       20
107       20
107       20
107       20
107       20
107       20
107       20
107       20
107       20
107       20
107       20
107       20
107       20
107       20
107       20
107       20
107       20
107       20
107       20
107       20
107       20
107       20
107       20
107       20
107       22
107       22
107       22
107       22
107       22
107       22
107       22
107       22
107       22
107       22
107       22
107       22
107       22
107       22
107       22
107       22
107       22
107       22
107       22
107       22
107       22
107       22
107       22
107       22
107       22
107       22
107       22
107       22
107       22
107       22
107       22
107       24
107       24
107       24
107       24
107       24
107       24
107       24
107       24
107       24
107       24
107       24
107       24
107       24
107       26
107       26
107       26
107       26
107       26
107       26
107       26
107       26
107       26
107       26
107       26
107       26
107       26
107       26
107       26
107       26
107       28
107       28
107       28
107       28
107       28
107       28
107       28
107       28
107       28
107       28
107       28
107       28
107       28
107       28
107       28
107       28
107       28
107       28
107       28
107       28
107       28
107       28
107       28
107       28
107       28
107       28
107       28
107       28
107       28
107       28
107       30
107       30
107       30
107       30
107       30
107       30
107       30
107       30
107       30
107       30
107       30
107       30
107       30
107       30
107       30
107       30
107       30
107       30
107       30
107       30
107       32
107       32
107       32
107       32
107       32
107       32
107       32
107       32
107       32
107       32
107       32
107       32
107       32
107       32
107       32
107       32
107       32
107       32
107       32
107       32
107       32
107       34
107       34
107       34
107       34
107       34
107       34
107       34
107       34
107       34
107       34
107       34
107       34
107       34
107       34
107       34
107       34
107       34
107       34
107       34
107       34
107       34
107       34
107       34
107       34
107       36
107       36
107       36
107       36
107       36
107       36
107       36
107       36
107       36
107       36
107       36
107       36
107       36
107       36
107       36
107       36
107       36
107       36
107       36
107       36
107       36
107       36
107       36
107       36
107       38
107       38
107       38
107       38
107       38
107       38
107       38
107       38
107       38
107       38
107       38
107       38
107       38
107       38
107       38
107       38
107       38
107       38
107       38
107       38
107       38
107       38
107       38
107       38
107       40
107       40
107       40
107       40
107       40
107       40
107       40
107       40
107       40
107       40
107       40
107       40
107       40
107       40
107       40
107       40
107       40
107       40
107       40
107       40
107       40
107       40
107       40
107       40
107       40
107       40
107       40
107       40
107       40
107       40
107       40
107       40
107       40
107       40
107       40
107       40
107       40
107       40
107       43
107       43
107       43
107       43
107       43
107       43
107       43
107       43
107       43
107       43
107       43
107       43
107       43
107       43
107       43
107       43
107       43
107       43
107       43
107       43
107       43
107       43
107       43
107       43
107       43
107       43
107       43
107       43
107       43
107       45
107       45
107       45
107       45
107       45
107       45
107       47
107       47
107       47
107       47
107       47
107       47
107       49
107       49
107       49
107       49
107       49
107       51
107       51
107       51
107       51
107       53
107       53
107       53
107       53
107       55
107       55
107       55
107       55
107       55
107       57
107       57
107       57
107       59
107       59
107       59
107       61
107       61
107       61
107       63
107       63
110       20
110       20
110       20
110       20
110       20
110       20
110       20
110       20
110       20
110       20
110       20
110       20
110       20
110       20
110       20
110       20
110       20
110       20
110       20
110       20
110       20
110       20
110       20
110       20
110       20
110       20
110       20
110       20
110       20
110       20
110       20
110       20
110       20
110       22
110       22
110       22
110       22
110       22
110       22
110       22
110       22
110       22
110       22
110       22
110       22
110       22
110       22
110       22
110       22
110       22
110       22
110       22
110       22
110       22
110       22
110       22
110       22
110       22
110       22
110       22
110       22
110       22
110       22
110       22
110       24
110       24
110       24
110       24
110       24
110       24
110       24
110       24
110       24
110       24
110       24
110       24
110       24
110       24
110       24
110       24
110       26
110       26
110       26
110       26
110       26
110       26
110       26
110       26
110       26
110       26
110       26
110       26
110       26
110       26
110       26
110       26
110       26
110       26
110       26
110       26
110       28
110       28
110       28
110       28
110       28
110       28
110       28
110       28
110       28
110       28
110       28
110       28
110       28
110       28
110       28
110       28
110       28
110       28
110       28
110       28
110       28
110       28
110       28
110       28
110       28
110       28
110       28
110       28
110       28
110       28
110       30
110       30
110       30
110       30
110       30
110       30
110       30
110       30
110       30
110       30
110       30
110       30
110       30
110       30
110       30
110       30
110       30
110       30
110       30
110       30
110       30
110       32
110       32
110       32
110       32
110       32
110       32
110       32
110       32
110       32
110       32
110       32
110       32
110       32
110       32
110       32
110       32
110       32
110       32
110       32
110       32
110       32
110       32
110       32
110       32
110       34
110       34
110       34
110       34
110       34
110       34
110       34
110       34
110       34
110       34
110       34
110       34
110       34
110       34
110       34
110       34
110       34
110       34
110       34
110       34
110       34
110       34
110       34
110       34
110       36
110       36
110       36
110       36
110       36
110       36
110       36
110       36
110       36
110       36
110       36
110       36
110       36
110       36
110       36
110       36
110       36
110       36
110       36
110       36
110       36
110       36
110       36
110       36
110       38
110       38
110       38
110       38
110       38
110       38
110       38
110       38
110       38
110       38
110       38
110       38
110       38
110       38
110       38
110       38
110       38
110       38
110       38
110       38
110       38
110       38
110       38
110       38
110       38
110       38
110       38
110       38
110       38
110       38
110       38
110       38
110       38
110       38
110       38
110       38
110       38
110       38
110       40
110       40
110       40
110       40
110       40
110       40
110       40
110       40
110       40
110       40
110       40
110       40
110       40
110       40
110       40
110       40
110       40
110       40
110       40
110       40
110       40
110       40
110       40
110       40
110       40
110       40
110       40
110       40
110       40
110       40
110       40
110       40
110       40
110       40
110       40
110       40
110       40
110       40
110       40
110       40
110       40
110       40
110       40
110       40
110       40
110       40
110       40
110       40
110       40
110       40
110       40
110       40
110       43
110       43
110       43
110       43
110       43
110       43
110       43
110       43
110       43
110       43
110       43
110       43
110       43
110       43
110       43
110       43
110       43
110       43
110       43
110       43
110       43
110       43
110       43
110       43
110       43
110       43
110       43
110       43
110       43
110       45
110       45
110       45
110       45
110       45
110       45
110       47
110       47
110       47
110       47
110       47
110       49
110       49
110       49
110       49
110       51
110       51
110       51
110       51
110       53
110       53
110       53
110       55
110       55
110       55
110       55
110       57
110       57
110       57
110       59
110       59
110       59
110       61
110       61
110       63
110       63
113       20
113       20
113       20
113       20
113       20
113       20
113       20
113       20
113       22
113       22
113       22
113       22
113       22
113       22
113       22
113       22
113       22
113       22
113       22
113       22
113       22
113       22
113       22
113       22
113       22
113       22
113       22
113       22
113       22
113       22
113       22
113       24
113       24
113       24
113       24
113       24
113       24
113       24
113       24
113       24
113       24
113       24
113       24
113       24
113       26
113       26
113       26
113       26
113       26
113       26
113       26
113       26
113       26
113       26
113       26
113       26
113       26
113       28
113       28
113       28
113       28
113       28
113       28
113       28
113       28
113       28
113       28
113       28
113       28
113       28
113       28
113       28
113       28
113       28
113       28
113       28
113       28
113       28
113       30
113       30
113       30
113       30
113       30
113       30
113       30
113       30
113       30
113       30
113       30
113       30
113       30
113       30
113       30
113       30
113       32
113       32
113       32
113       32
113       32
113       32
113       32
113       32
113       32
113       32
113       32
113       32
113       32
113       32
113       32
113       32
113       34
113       34
113       34
113       34
113       34
113       34
113       34
113       34
113       34
113       34
113       34
113       34
113       34
113       34
113       34
113       34
113       36
113       36
113       36
113       36
113       36
113       36
113       36
113       36
113       36
113       36
113       36
113       36
113       36
113       36
113       36
113       36
113       36
113       36
113       36
113       36
113       36
113       36
113       36
113       36
113       36
113       38
113       38
113       38
113       38
113       38
113       38
113       38
113       38
113       38
113       38
113       38
113       38
113       38
113       38
113       38
113       38
113       38
113       38
113       38
113       38
113       38
113       38
113       38
113       38
113       38
113       38
113       38
113       38
113       38
113       38
113       38
113       38
113       38
113       38
113       40
113       40
113       40
113       40
113       40
113       40
113       40
113       40
113       40
113       40
113       40
113       40
113       40
113       40
113       40
113       40
113       40
113       40
113       40
113       40
113       40
113       40
113       40
113       40
113       40
113       40
113       40
113       40
113       40
113       40
113       40
113       40
113       40
113       40
113       43
113       43
113       43
113       43
113       43
113       43
113       43
113       43
113       43
113       43
113       43
113       43
113       43
113       43
113       43
113       43
113       43
113       43
113       43
113       45
113       45
113       45
113       47
113       47
113       49
113       49
113       51
113       51
113       53
113       53
113       55
113       55
113       55
113       57
113       57
113       59
113       61
113       63
