7       0
7       1
8       0
8       1
9       0
9       1
10      0
10      1
11      0
11      1
12      0
12      1
13      0
13      1
13      2
14      0
14      1
14      2
15      0
15      1
15      2
16      0
16      1
16      2
16      3
17      0
17      1
17      2
17      3
18      0
18      1
18      2
18      3
18      4
19      0
19      1
19      2
19      3
19      4
19      5
20      0
20      1
20      2
20      3
20      4
20      5
21      0
21      1
21      2
21      3
21      4
21      5
21      6
22      0
22      1
22      2
22      3
22      4
22      5
22      6
22      7
23      0
23      1
23      2
23      3
23      4
23      5
23      6
23      7
23      8
24      0
24      1
24      2
24      3
24      4
24      5
24      6
24      7
24      8
25      1
25      2
25      3
25      4
25      5
25      6
25      7
25      8
25      9
26      1
26      2
26      3
26      4
26      5
26      6
26      7
26      8
26      9
26      10
27      1
27      2
27      3
27      4
27      5
27      6
27      7
27      8
27      9
27      10
27      11
28      1
28      2
28      3
28      4
28      5
28      6
28      7
28      8
28      9
28      10
28      11
28      12
28      13
29      1
29      2
29      3
29      4
29      5
29      6
29      7
29      8
29      9
29      10
29      11
29      12
29      13
29      14
30      1
30      2
30      3
30      4
30      5
30      6
30      7
30      8
30      9
30      10
30      11
30      12
30      13
30      14
30      15
31      1
31      2
31      3
31      4
31      5
31      6
31      7
31      8
31      9
31      10
31      11
31      12
31      13
31      14
31      15
31      16
32      1
32      2
32      3
32      4
32      5
32      6
32      7
32      8
32      9
32      10
32      11
32      12
32      13
32      14
32      15
32      16
32      17
33      1
33      2
33      3
33      4
33      5
33      6
33      7
33      8
33      9
33      10
33      11
33      12
33      13
33      14
33      15
33      16
33      17
33      18
33      19
34      2
34      3
34      4
34      5
34      6
34      7
34      8
34      9
34      10
34      11
34      12
34      13
34      14
34      15
34      16
34      17
34      18
34      19
34      20
35      2
35      3
35      4
35      5
35      6
35      7
35      8
35      9
35      10
35      11
35      12
35      13
35      14
35      15
35      16
35      17
35      18
35      19
35      20
35      21
35      22
36      2
36      3
36      4
36      5
36      6
36      7
36      8
36      9
36      10
36      11
36      12
36      13
36      14
36      15
36      16
36      17
36      18
36      19
36      20
36      21
36      22
36      23
37      2
37      3
37      4
37      5
37      6
37      7
37      8
37      9
37      10
37      11
37      12
37      13
37      14
37      15
37      16
37      17
37      18
37      19
37      20
37      21
37      22
37      23
37      24
37      25
38      2
38      3
38      4
38      5
38      6
38      7
38      8
38      9
38      10
38      11
38      12
38      13
38      14
38      15
38      16
38      17
38      18
38      19
38      20
38      21
38      22
38      23
38      24
38      25
38      26
39      2
39      3
39      4
39      5
39      6
39      7
39      8
39      9
39      10
39      11
39      12
39      13
39      14
39      15
39      16
39      17
39      18
39      19
39      20
39      21
39      22
39      23
39      24
39      25
39      26
39      27
40      2
40      3
40      4
40      5
40      6
40      7
40      8
40      9
40      10
40      11
40      12
40      13
40      14
40      15
40      16
40      17
40      18
40      19
40      20
40      21
40      22
40      23
40      24
40      25
40      26
40      27
41      3
41      4
41      5
41      6
41      7
41      8
41      9
41      10
41      11
41      12
41      13
41      14
41      15
41      16
41      17
41      18
41      19
41      20
41      21
41      22
41      23
41      24
41      25
41      26
41      27
41      28
42      3
42      4
42      5
42      6
42      7
42      8
42      9
42      10
42      11
42      12
42      13
42      14
42      15
42      16
42      17
42      18
42      19
42      20
42      21
42      22
42      23
42      24
42      25
42      26
42      27
42      28
42      29
43      3
43      4
43      5
43      6
43      7
43      8
43      9
43      10
43      11
43      12
43      13
43      14
43      15
43      16
43      17
43      18
43      19
43      20
43      21
43      22
43      23
43      24
43      25
43      26
43      27
43      28
43      29
43      30
44      3
44      4
44      5
44      6
44      7
44      8
44      9
44      10
44      11
44      12
44      13
44      14
44      15
44      16
44      17
44      18
44      19
44      20
44      21
44      22
44      23
44      24
44      25
44      26
44      27
44      28
44      29
44      30
45      3
45      4
45      5
45      6
45      7
45      8
45      9
45      10
45      11
45      12
45      13
45      14
45      15
45      16
45      17
45      18
45      19
45      20
45      21
45      22
45      23
45      24
45      25
45      26
45      27
45      28
45      29
45      30
45      31
46      3
46      4
46      5
46      6
46      7
46      8
46      9
46      10
46      11
46      12
46      13
46      14
46      15
46      16
46      17
46      18
46      19
46      20
46      21
46      22
46      23
46      24
46      25
46      26
46      27
46      28
46      29
46      30
46      31
46      32
47      4
47      5
47      6
47      7
47      8
47      9
47      10
47      11
47      12
47      13
47      14
47      15
47      16
47      17
47      18
47      19
47      20
47      21
47      22
47      23
47      24
47      25
47      26
47      27
47      28
47      29
47      30
47      31
47      32
47      33
48      4
48      5
48      6
48      7
48      8
48      9
48      10
48      11
48      12
48      13
48      14
48      15
48      16
48      17
48      18
48      19
48      20
48      21
48      22
48      23
48      24
48      25
48      26
48      27
48      28
48      29
48      30
48      31
48      32
48      33
49      4
49      5
49      6
49      7
49      8
49      9
49      10
49      11
49      12
49      13
49      14
49      15
49      16
49      17
49      18
49      19
49      20
49      21
49      22
49      23
49      24
49      25
49      26
49      27
49      28
49      29
49      30
49      31
49      32
49      33
49      34
50      4
50      5
50      6
50      7
50      8
50      9
50      10
50      11
50      12
50      13
50      14
50      15
50      16
50      17
50      18
50      19
50      20
50      21
50      22
50      23
50      24
50      25
50      26
50      27
50      28
50      29
50      30
50      31
50      32
50      33
50      34
50      35
51      4
51      5
51      6
51      7
51      8
51      9
51      10
51      11
51      12
51      13
51      14
51      15
51      16
51      17
51      18
51      19
51      20
51      21
51      22
51      23
51      24
51      25
51      26
51      27
51      28
51      29
51      30
51      31
51      32
51      33
51      34
51      35
51      36
52      4
52      5
52      6
52      7
52      8
52      9
52      10
52      11
52      12
52      13
52      14
52      15
52      16
52      17
52      18
52      19
52      20
52      21
52      22
52      23
52      24
52      25
52      26
52      27
52      28
52      29
52      30
52      31
52      32
52      33
52      34
52      35
52      36
52      37
53      5
53      6
53      7
53      8
53      9
53      10
53      11
53      12
53      13
53      14
53      15
53      16
53      17
53      18
53      19
53      20
53      21
53      22
53      23
53      24
53      25
53      26
53      27
53      28
53      29
53      30
53      31
53      32
53      33
53      34
53      35
53      36
53      37
54      5
54      6
54      7
54      8
54      9
54      10
54      11
54      12
54      13
54      14
54      15
54      16
54      17
54      18
54      19
54      20
54      21
54      22
54      23
54      24
54      25
54      26
54      27
54      28
54      29
54      30
54      31
54      32
54      33
54      34
54      35
54      36
54      37
54      38
55      5
55      6
55      7
55      8
55      9
55      10
55      11
55      12
55      13
55      14
55      15
55      16
55      17
55      18
55      19
55      20
55      21
55      22
55      23
55      24
55      25
55      26
55      27
55      28
55      29
55      30
55      31
55      32
55      33
55      34
55      35
55      36
55      37
55      38
55      39
56      5
56      6
56      7
56      8
56      9
56      10
56      11
56      12
56      13
56      14
56      15
56      16
56      17
56      18
56      19
56      20
56      21
56      22
56      23
56      24
56      25
56      26
56      27
56      28
56      29
56      30
56      31
56      32
56      33
56      34
56      35
56      36
56      37
56      38
56      39
56      40
57      5
57      6
57      7
57      8
57      9
57      10
57      11
57      12
57      13
57      14
57      15
57      16
57      17
57      18
57      19
57      20
57      21
57      22
57      23
57      24
57      25
57      26
57      27
57      28
57      29
57      30
57      31
57      32
57      33
57      34
57      35
57      36
57      37
57      38
57      39
57      40
58      6
58      7
58      8
58      9
58      10
58      11
58      12
58      13
58      14
58      15
58      16
58      17
58      18
58      19
58      20
58      21
58      22
58      23
58      24
58      25
58      26
58      27
58      28
58      29
58      30
58      31
58      32
58      33
58      34
58      35
58      36
58      37
58      38
58      39
58      40
58      41
59      6
59      7
59      8
59      9
59      10
59      11
59      12
59      13
59      14
59      15
59      16
59      17
59      18
59      19
59      20
59      21
59      22
59      23
59      24
59      25
59      26
59      27
59      28
59      29
59      30
59      31
59      32
59      33
59      34
59      35
59      36
59      37
59      38
59      39
59      40
59      41
59      42
60      6
60      7
60      8
60      9
60      10
60      11
60      12
60      13
60      14
60      15
60      16
60      17
60      18
60      19
60      20
60      21
60      22
60      23
60      24
60      25
60      26
60      27
60      28
60      29
60      30
60      31
60      32
60      33
60      34
60      35
60      36
60      37
60      38
60      39
60      40
60      41
60      42
60      43
61      6
61      7
61      8
61      9
61      10
61      11
61      12
61      13
61      14
61      15
61      16
61      17
61      18
61      19
61      20
61      21
61      22
61      23
61      24
61      25
61      26
61      27
61      28
61      29
61      30
61      31
61      32
61      33
61      34
61      35
61      36
61      37
61      38
61      39
61      40
61      41
61      42
61      43
62      6
62      7
62      8
62      9
62      10
62      11
62      12
62      13
62      14
62      15
62      16
62      17
62      18
62      19
62      20
62      21
62      22
62      23
62      24
62      25
62      26
62      27
62      28
62      29
62      30
62      31
62      32
62      33
62      34
62      35
62      36
62      37
62      38
62      39
62      40
62      41
62      42
62      43
62      44
63      7
63      8
63      9
63      10
63      11
63      12
63      13
63      14
63      15
63      16
63      17
63      18
63      19
63      20
63      21
63      22
63      23
63      24
63      25
63      26
63      27
63      28
63      29
63      30
63      31
63      32
63      33
63      34
63      35
63      36
63      37
63      38
63      39
63      40
63      41
63      42
63      43
63      44
63      45
64      7
64      8
64      9
64      10
64      11
64      12
64      13
64      14
64      15
64      16
64      17
64      18
64      19
64      20
64      21
64      22
64      23
64      24
64      25
64      26
64      27
64      28
64      29
64      30
64      31
64      32
64      33
64      34
64      35
64      36
64      37
64      38
64      39
64      40
64      41
64      42
64      43
64      44
64      45
64      46
65      7
65      8
65      9
65      10
65      11
65      12
65      13
65      14
65      15
65      16
65      17
65      18
65      19
65      20
65      21
65      22
65      23
65      24
65      25
65      26
65      27
65      28
65      29
65      30
65      31
65      32
65      33
65      34
65      35
65      36
65      37
65      38
65      39
65      40
65      41
65      42
65      43
65      44
65      45
65      46
65      47
66      7
66      8
66      9
66      10
66      11
66      12
66      13
66      14
66      15
66      16
66      17
66      18
66      19
66      20
66      21
66      22
66      23
66      24
66      25
66      26
66      27
66      28
66      29
66      30
66      31
66      32
66      33
66      34
66      35
66      36
66      37
66      38
66      39
66      40
66      41
66      42
66      43
66      44
66      45
66      46
66      47
67      8
67      9
67      10
67      11
67      12
67      13
67      14
67      15
67      16
67      17
67      18
67      19
67      20
67      21
67      22
67      23
67      24
67      25
67      26
67      27
67      28
67      29
67      30
67      31
67      32
67      33
67      34
67      35
67      36
67      37
67      38
67      39
67      40
67      41
67      42
67      43
67      44
67      45
67      46
67      47
67      48
68      8
68      9
68      10
68      11
68      12
68      13
68      14
68      15
68      16
68      17
68      18
68      19
68      20
68      21
68      22
68      23
68      24
68      25
68      26
68      27
68      28
68      29
68      30
68      31
68      32
68      33
68      34
68      35
68      36
68      37
68      38
68      39
68      40
68      41
68      42
68      43
68      44
68      45
68      46
68      47
68      48
68      49
69      8
69      9
69      10
69      11
69      12
69      13
69      14
69      15
69      16
69      17
69      18
69      19
69      20
69      21
69      22
69      23
69      24
69      25
69      26
69      27
69      28
69      29
69      30
69      31
69      32
69      33
69      34
69      35
69      36
69      37
69      38
69      39
69      40
69      41
69      42
69      43
69      44
69      45
69      46
69      47
69      48
69      49
69      50
70      8
70      9
70      10
70      11
70      12
70      13
70      14
70      15
70      16
70      17
70      18
70      19
70      20
70      21
70      22
70      23
70      24
70      25
70      26
70      27
70      28
70      29
70      30
70      31
70      32
70      33
70      34
70      35
70      36
70      37
70      38
70      39
70      40
70      41
70      42
70      43
70      44
70      45
70      46
70      47
70      48
70      49
70      50
71      9
71      10
71      11
71      12
71      13
71      14
71      15
71      16
71      17
71      18
71      19
71      20
71      21
71      22
71      23
71      24
71      25
71      26
71      27
71      28
71      29
71      30
71      31
71      32
71      33
71      34
71      35
71      36
71      37
71      38
71      39
71      40
71      41
71      42
71      43
71      44
71      45
71      46
71      47
71      48
71      49
71      50
71      51
72      9
72      10
72      11
72      12
72      13
72      14
72      15
72      16
72      17
72      18
72      19
72      20
72      21
72      22
72      23
72      24
72      25
72      26
72      27
72      28
72      29
72      30
72      31
72      32
72      33
72      34
72      35
72      36
72      37
72      38
72      39
72      40
72      41
72      42
72      43
72      44
72      45
72      46
72      47
72      48
72      49
72      50
72      51
72      52
73      9
73      10
73      11
73      12
73      13
73      14
73      15
73      16
73      17
73      18
73      19
73      20
73      21
73      22
73      23
73      24
73      25
73      26
73      27
73      28
73      29
73      30
73      31
73      32
73      33
73      34
73      35
73      36
73      37
73      38
73      39
73      40
73      41
73      42
73      43
73      44
73      45
73      46
73      47
73      48
73      49
73      50
73      51
73      52
73      53
74      9
74      10
74      11
74      12
74      13
74      14
74      15
74      16
74      17
74      18
74      19
74      20
74      21
74      22
74      23
74      24
74      25
74      26
74      27
74      28
74      29
74      30
74      31
74      32
74      33
74      34
74      35
74      36
74      37
74      38
74      39
74      40
74      41
74      42
74      43
74      44
74      45
74      46
74      47
74      48
74      49
74      50
74      51
74      52
74      53
75      10
75      11
75      12
75      13
75      14
75      15
75      16
75      17
75      18
75      19
75      20
75      21
75      22
75      23
75      24
75      25
75      26
75      27
75      28
75      29
75      30
75      31
75      32
75      33
75      34
75      35
75      36
75      37
75      38
75      39
75      40
75      41
75      42
75      43
75      44
75      45
75      46
75      47
75      48
75      49
75      50
75      51
75      52
75      53
75      54
76      10
76      11
76      12
76      13
76      14
76      15
76      16
76      17
76      18
76      19
76      20
76      21
76      22
76      23
76      24
76      25
76      26
76      27
76      28
76      29
76      30
76      31
76      32
76      33
76      34
76      35
76      36
76      37
76      38
76      39
76      40
76      41
76      42
76      43
76      44
76      45
76      46
76      47
76      48
76      49
76      50
76      51
76      52
76      53
76      54
76      55
77      10
77      11
77      12
77      13
77      14
77      15
77      16
77      17
77      18
77      19
77      20
77      21
77      22
77      23
77      24
77      25
77      26
77      27
77      28
77      29
77      30
77      31
77      32
77      33
77      34
77      35
77      36
77      37
77      38
77      39
77      40
77      41
77      42
77      43
77      44
77      45
77      46
77      47
77      48
77      49
77      50
77      51
77      52
77      53
77      54
77      55
77      56
78      10
78      11
78      12
78      13
78      14
78      15
78      16
78      17
78      18
78      19
78      20
78      21
78      22
78      23
78      24
78      25
78      26
78      27
78      28
78      29
78      30
78      31
78      32
78      33
78      34
78      35
78      36
78      37
78      38
78      39
78      40
78      41
78      42
78      43
78      44
78      45
78      46
78      47
78      48
78      49
78      50
78      51
78      52
78      53
78      54
78      55
78      56
78      57
79      11
79      12
79      13
79      14
79      15
79      16
79      17
79      18
79      19
79      20
79      21
79      22
79      23
79      24
79      25
79      26
79      27
79      28
79      29
79      30
79      31
79      32
79      33
79      34
79      35
79      36
79      37
79      38
79      39
79      40
79      41
79      42
79      43
79      44
79      45
79      46
79      47
79      48
79      49
79      50
79      51
79      52
79      53
79      54
79      55
79      56
79      57
80      11
80      12
80      13
80      14
80      15
80      16
80      17
80      18
80      19
80      20
80      21
80      22
80      23
80      24
80      25
80      26
80      27
80      28
80      29
80      30
80      31
80      32
80      33
80      34
80      35
80      36
80      37
80      38
80      39
80      40
80      41
80      42
80      43
80      44
80      45
80      46
80      47
80      48
80      49
80      50
80      51
80      52
80      53
80      54
80      55
80      56
80      57
80      58
81      11
81      12
81      13
81      14
81      15
81      16
81      17
81      18
81      19
81      20
81      21
81      22
81      23
81      24
81      25
81      26
81      27
81      28
81      29
81      30
81      31
81      32
81      33
81      34
81      35
81      36
81      37
81      38
81      39
81      40
81      41
81      42
81      43
81      44
81      45
81      46
81      47
81      48
81      49
81      50
81      51
81      52
81      53
81      54
81      55
81      56
81      57
81      58
81      59
82      11
82      12
82      13
82      14
82      15
82      16
82      17
82      18
82      19
82      20
82      21
82      22
82      23
82      24
82      25
82      26
82      27
82      28
82      29
82      30
82      31
82      32
82      33
82      34
82      35
82      36
82      37
82      38
82      39
82      40
82      41
82      42
82      43
82      44
82      45
82      46
82      47
82      48
82      49
82      50
82      51
82      52
82      53
82      54
82      55
82      56
82      57
82      58
82      59
82      60
83      12
83      13
83      14
83      15
83      16
83      17
83      18
83      19
83      20
83      21
83      22
83      23
83      24
83      25
83      26
83      27
83      28
83      29
83      30
83      31
83      32
83      33
83      34
83      35
83      36
83      37
83      38
83      39
83      40
83      41
83      42
83      43
83      44
83      45
83      46
83      47
83      48
83      49
83      50
83      51
83      52
83      53
83      54
83      55
83      56
83      57
83      58
83      59
83      60
84      12
84      13
84      14
84      15
84      16
84      17
84      18
84      19
84      20
84      21
84      22
84      23
84      24
84      25
84      26
84      27
84      28
84      29
84      30
84      31
84      32
84      33
84      34
84      35
84      36
84      37
84      38
84      39
84      40
84      41
84      42
84      43
84      44
84      45
84      46
84      47
84      48
84      49
84      50
84      51
84      52
84      53
84      54
84      55
84      56
84      57
84      58
84      59
84      60
84      61
85      12
85      13
85      14
85      15
85      16
85      17
85      18
85      19
85      20
85      21
85      22
85      23
85      24
85      25
85      26
85      27
85      28
85      29
85      30
85      31
85      32
85      33
85      34
85      35
85      36
85      37
85      38
85      39
85      40
85      41
85      42
85      43
85      44
85      45
85      46
85      47
85      48
85      49
85      50
85      51
85      52
85      53
85      54
85      55
85      56
85      57
85      58
85      59
85      60
85      61
85      62
86      12
86      13
86      14
86      15
86      16
86      17
86      18
86      19
86      20
86      21
86      22
86      23
86      24
86      25
86      26
86      27
86      28
86      29
86      30
86      31
86      32
86      33
86      34
86      35
86      36
86      37
86      38
86      39
86      40
86      41
86      42
86      43
86      44
86      45
86      46
86      47
86      48
86      49
86      50
86      51
86      52
86      53
86      54
86      55
86      56
86      57
86      58
86      59
86      60
86      61
86      62
86      63
87      13
87      14
87      15
87      16
87      17
87      18
87      19
87      20
87      21
87      22
87      23
87      24
87      25
87      26
87      27
87      28
87      29
87      30
87      31
87      32
87      33
87      34
87      35
87      36
87      37
87      38
87      39
87      40
87      41
87      42
87      43
87      44
87      45
87      46
87      47
87      48
87      49
87      50
87      51
87      52
87      53
87      54
87      55
87      56
87      57
87      58
87      59
87      60
87      61
87      62
87      63
88      13
88      14
88      15
88      16
88      17
88      18
88      19
88      20
88      21
88      22
88      23
88      24
88      25
88      26
88      27
88      28
88      29
88      30
88      31
88      32
88      33
88      34
88      35
88      36
88      37
88      38
88      39
88      40
88      41
88      42
88      43
88      44
88      45
88      46
88      47
88      48
88      49
88      50
88      51
88      52
88      53
88      54
88      55
88      56
88      57
88      58
88      59
88      60
88      61
88      62
88      63
88      64
89      13
89      14
89      15
89      16
89      17
89      18
89      19
89      20
89      21
89      22
89      23
89      24
89      25
89      26
89      27
89      28
89      29
89      30
89      31
89      32
89      33
89      34
89      35
89      36
89      37
89      38
89      39
89      40
89      41
89      42
89      43
89      44
89      45
89      46
89      47
89      48
89      49
89      50
89      51
89      52
89      53
89      54
89      55
89      56
89      57
89      58
89      59
89      60
89      61
89      62
89      63
89      64
89      65
90      14
90      15
90      16
90      17
90      18
90      19
90      20
90      21
90      22
90      23
90      24
90      25
90      26
90      27
90      28
90      29
90      30
90      31
90      32
90      33
90      34
90      35
90      36
90      37
90      38
90      39
90      40
90      41
90      42
90      43
90      44
90      45
90      46
90      47
90      48
90      49
90      50
90      51
90      52
90      53
90      54
90      55
90      56
90      57
90      58
90      59
90      60
90      61
90      62
90      63
90      64
90      65
90      66
91      14
91      15
91      16
91      17
91      18
91      19
91      20
91      21
91      22
91      23
91      24
91      25
91      26
91      27
91      28
91      29
91      30
91      31
91      32
91      33
91      34
91      35
91      36
91      37
91      38
91      39
91      40
91      41
91      42
91      43
91      44
91      45
91      46
91      47
91      48
91      49
91      50
91      51
91      52
91      53
91      54
91      55
91      56
91      57
91      58
91      59
91      60
91      61
91      62
91      63
91      64
91      65
91      66
91      67
92      14
92      15
92      16
92      17
92      18
92      19
92      20
92      21
92      22
92      23
92      24
92      25
92      26
92      27
92      28
92      29
92      30
92      31
92      32
92      33
92      34
92      35
92      36
92      37
92      38
92      39
92      40
92      41
92      42
92      43
92      44
92      45
92      46
92      47
92      48
92      49
92      50
92      51
92      52
92      53
92      54
92      55
92      56
92      57
92      58
92      59
92      60
92      61
92      62
92      63
92      64
92      65
92      66
92      67
93      14
93      15
93      16
93      17
93      18
93      19
93      20
93      21
93      22
93      23
93      24
93      25
93      26
93      27
93      28
93      29
93      30
93      31
93      32
93      33
93      34
93      35
93      36
93      37
93      38
93      39
93      40
93      41
93      42
93      43
93      44
93      45
93      46
93      47
93      48
93      49
93      50
93      51
93      52
93      53
93      54
93      55
93      56
93      57
93      58
93      59
93      60
93      61
93      62
93      63
93      64
93      65
93      66
93      67
93      68
94      15
94      16
94      17
94      18
94      19
94      20
94      21
94      22
94      23
94      24
94      25
94      26
94      27
94      28
94      29
94      30
94      31
94      32
94      33
94      34
94      35
94      36
94      37
94      38
94      39
94      40
94      41
94      42
94      43
94      44
94      45
94      46
94      47
94      48
94      49
94      50
94      51
94      52
94      53
94      54
94      55
94      56
94      57
94      58
94      59
94      60
94      61
94      62
94      63
94      64
94      65
94      66
94      67
94      68
94      69
95      15
95      16
95      17
95      18
95      19
95      20
95      21
95      22
95      23
95      24
95      25
95      26
95      27
95      28
95      29
95      30
95      31
95      32
95      33
95      34
95      35
95      36
95      37
95      38
95      39
95      40
95      41
95      42
95      43
95      44
95      45
95      46
95      47
95      48
95      49
95      50
95      51
95      52
95      53
95      54
95      55
95      56
95      57
95      58
95      59
95      60
95      61
95      62
95      63
95      64
95      65
95      66
95      67
95      68
95      69
95      70
96      15
96      16
96      17
96      18
96      19
96      20
96      21
96      22
96      23
96      24
96      25
96      26
96      27
96      28
96      29
96      30
96      31
96      32
96      33
96      34
96      35
96      36
96      37
96      38
96      39
96      40
96      41
96      42
96      43
96      44
96      45
96      46
96      47
96      48
96      49
96      50
96      51
96      52
96      53
96      54
96      55
96      56
96      57
96      58
96      59
96      60
96      61
96      62
96      63
96      64
96      65
96      66
96      67
96      68
96      69
96      70
97      16
97      17
97      18
97      19
97      20
97      21
97      22
97      23
97      24
97      25
97      26
97      27
97      28
97      29
97      30
97      31
97      32
97      33
97      34
97      35
97      36
97      37
97      38
97      39
97      40
97      41
97      42
97      43
97      44
97      45
97      46
97      47
97      48
97      49
97      50
97      51
97      52
97      53
97      54
97      55
97      56
97      57
97      58
97      59
97      60
97      61
97      62
97      63
97      64
97      65
97      66
97      67
97      68
97      69
97      70
97      71
98      16
98      17
98      18
98      19
98      20
98      21
98      22
98      23
98      24
98      25
98      26
98      27
98      28
98      29
98      30
98      31
98      32
98      33
98      34
98      35
98      36
98      37
98      38
98      39
98      40
98      41
98      42
98      43
98      44
98      45
98      46
98      47
98      48
98      49
98      50
98      51
98      52
98      53
98      54
98      55
98      56
98      57
98      58
98      59
98      60
98      61
98      62
98      63
98      64
98      65
98      66
98      67
98      68
98      69
98      70
98      71
98      72
99      16
99      17
99      18
99      19
99      20
99      21
99      22
99      23
99      24
99      25
99      26
99      27
99      28
99      29
99      30
99      31
99      32
99      33
99      34
99      35
99      36
99      37
99      38
99      39
99      40
99      41
99      42
99      43
99      44
99      45
99      46
99      47
99      48
99      49
99      50
99      51
99      52
99      53
99      54
99      55
99      56
99      57
99      58
99      59
99      60
99      61
99      62
99      63
99      64
99      65
99      66
99      67
99      68
99      69
99      70
99      71
99      72
99      73
100     16
100     17
100     18
100     19
100     20
100     21
100     22
100     23
100     24
100     25
100     26
100     27
100     28
100     29
100     30
100     31
100     32
100     33
100     34
100     35
100     36
100     37
100     38
100     39
100     40
100     41
100     42
100     43
100     44
100     45
100     46
100     47
100     48
100     49
100     50
100     51
100     52
100     53
100     54
100     55
100     56
100     57
100     58
100     59
100     60
100     61
100     62
100     63
100     64
100     65
100     66
100     67
100     68
100     69
100     70
100     71
100     72
100     73
101     17
101     18
101     19
101     20
101     21
101     22
101     23
101     24
101     25
101     26
101     27
101     28
101     29
101     30
101     31
101     32
101     33
101     34
101     35
101     36
101     37
101     38
101     39
101     40
101     41
101     42
101     43
101     44
101     45
101     46
101     47
101     48
101     49
101     50
101     51
101     52
101     53
101     54
101     55
101     56
101     57
101     58
101     59
101     60
101     61
101     62
101     63
101     64
101     65
101     66
101     67
101     68
101     69
101     70
101     71
101     72
101     73
101     74
102     17
102     18
102     19
102     20
102     21
102     22
102     23
102     24
102     25
102     26
102     27
102     28
102     29
102     30
102     31
102     32
102     33
102     34
102     35
102     36
102     37
102     38
102     39
102     40
102     41
102     42
102     43
102     44
102     45
102     46
102     47
102     48
102     49
102     50
102     51
102     52
102     53
102     54
102     55
102     56
102     57
102     58
102     59
102     60
102     61
102     62
102     63
102     64
102     65
102     66
102     67
102     68
102     69
102     70
102     71
102     72
102     73
102     74
102     75
103     17
103     18
103     19
103     20
103     21
103     22
103     23
103     24
103     25
103     26
103     27
103     28
103     29
103     30
103     31
103     32
103     33
103     34
103     35
103     36
103     37
103     38
103     39
103     40
103     41
103     42
103     43
103     44
103     45
103     46
103     47
103     48
103     49
103     50
103     51
103     52
103     53
103     54
103     55
103     56
103     57
103     58
103     59
103     60
103     61
103     62
103     63
103     64
103     65
103     66
103     67
103     68
103     69
103     70
103     71
103     72
103     73
103     74
103     75
103     76
104     18
104     19
104     20
104     21
104     22
104     23
104     24
104     25
104     26
104     27
104     28
104     29
104     30
104     31
104     32
104     33
104     34
104     35
104     36
104     37
104     38
104     39
104     40
104     41
104     42
104     43
104     44
104     45
104     46
104     47
104     48
104     49
104     50
104     51
104     52
104     53
104     54
104     55
104     56
104     57
104     58
104     59
104     60
104     61
104     62
104     63
104     64
104     65
104     66
104     67
104     68
104     69
104     70
104     71
104     72
104     73
104     74
104     75
104     76
104     77
105     18
105     19
105     20
105     21
105     22
105     23
105     24
105     25
105     26
105     27
105     28
105     29
105     30
105     31
105     32
105     33
105     34
105     35
105     36
105     37
105     38
105     39
105     40
105     41
105     42
105     43
105     44
105     45
105     46
105     47
105     48
105     49
105     50
105     51
105     52
105     53
105     54
105     55
105     56
105     57
105     58
105     59
105     60
105     61
105     62
105     63
105     64
105     65
105     66
105     67
105     68
105     69
105     70
105     71
105     72
105     73
105     74
105     75
105     76
105     77
106     18
106     19
106     20
106     21
106     22
106     23
106     24
106     25
106     26
106     27
106     28
106     29
106     30
106     31
106     32
106     33
106     34
106     35
106     36
106     37
106     38
106     39
106     40
106     41
106     42
106     43
106     44
106     45
106     46
106     47
106     48
106     49
106     50
106     51
106     52
106     53
106     54
106     55
106     56
106     57
106     58
106     59
106     60
106     61
106     62
106     63
106     64
106     65
106     66
106     67
106     68
106     69
106     70
106     71
106     72
106     73
106     74
106     75
106     76
107     19
107     20
107     21
107     22
107     23
107     24
107     25
107     26
107     27
107     28
107     29
107     30
107     31
107     32
107     33
107     34
107     35
107     36
107     37
107     38
107     39
107     40
107     41
107     42
107     43
107     44
107     45
107     46
107     47
107     48
107     49
107     50
107     51
107     52
107     53
107     54
107     55
107     56
107     57
107     58
107     59
107     60
107     61
107     62
107     63
107     64
107     65
107     66
107     67
107     68
107     69
107     70
107     71
107     72
107     73
107     74
107     75
107     76
108     19
108     20
108     21
108     22
108     23
108     24
108     25
108     26
108     27
108     28
108     29
108     30
108     31
108     32
108     33
108     34
108     35
108     36
108     37
108     38
108     39
108     40
108     41
108     42
108     43
108     44
108     45
108     46
108     47
108     48
108     49
108     50
108     51
108     52
108     53
108     54
108     55
108     56
108     57
108     58
108     59
108     60
108     61
108     62
108     63
108     64
108     65
108     66
108     67
108     68
108     69
108     70
108     71
108     72
108     73
108     74
108     75
109     19
109     20
109     21
109     22
109     23
109     24
109     25
109     26
109     27
109     28
109     29
109     30
109     31
109     32
109     33
109     34
109     35
109     36
109     37
109     38
109     39
109     40
109     41
109     42
109     43
109     44
109     45
109     46
109     47
109     48
109     49
109     50
109     51
109     52
109     53
109     54
109     55
109     56
109     57
109     58
109     59
109     60
109     61
109     62
109     63
109     64
109     65
109     66
109     67
109     68
109     69
109     70
109     71
109     72
109     73
109     74
110     20
110     21
110     22
110     23
110     24
110     25
110     26
110     27
110     28
110     29
110     30
110     31
110     32
110     33
110     34
110     35
110     36
110     37
110     38
110     39
110     40
110     41
110     42
110     43
110     44
110     45
110     46
110     47
110     48
110     49
110     50
110     51
110     52
110     53
110     54
110     55
110     56
110     57
110     58
110     59
110     60
110     61
110     62
110     63
110     64
110     65
110     66
110     67
110     68
110     69
110     70
110     71
110     72
110     73
111     20
111     21
111     22
111     23
111     24
111     25
111     26
111     27
111     28
111     29
111     30
111     31
111     32
111     33
111     34
111     35
111     36
111     37
111     38
111     39
111     40
111     41
111     42
111     43
111     44
111     45
111     46
111     47
111     48
111     49
111     50
111     51
111     52
111     53
111     54
111     55
111     56
111     57
111     58
111     59
111     60
111     61
111     62
111     63
111     64
111     65
111     66
111     67
111     68
111     69
111     70
111     71
111     72
112     20
112     21
112     22
112     23
112     24
112     25
112     26
112     27
112     28
112     29
112     30
112     31
112     32
112     33
112     34
112     35
112     36
112     37
112     38
112     39
112     40
112     41
112     42
112     43
112     44
112     45
112     46
112     47
112     48
112     49
112     50
112     51
112     52
112     53
112     54
112     55
112     56
112     57
112     58
112     59
112     60
112     61
112     62
112     63
112     64
112     65
112     66
112     67
112     68
112     69
112     70
112     71
113     21
113     22
113     23
113     24
113     25
113     26
113     27
113     28
113     29
113     30
113     31
113     32
113     33
113     34
113     35
113     36
113     37
113     38
113     39
113     40
113     41
113     42
113     43
113     44
113     45
113     46
113     47
113     48
113     49
113     50
113     51
113     52
113     53
113     54
113     55
113     56
113     57
113     58
113     59
113     60
113     61
113     62
113     63
113     64
113     65
113     66
113     67
113     68
113     69
113     70
113     71
114     21
114     22
114     23
114     24
114     25
114     26
114     27
114     28
114     29
114     30
114     31
114     32
114     33
114     34
114     35
114     36
114     37
114     38
114     39
114     40
114     41
114     42
114     43
114     44
114     45
114     46
114     47
114     48
114     49
114     50
114     51
114     52
114     53
114     54
114     55
114     56
114     57
114     58
114     59
114     60
114     61
114     62
114     63
114     64
114     65
114     66
114     67
114     68
114     69
114     70
115     21
115     22
115     23
115     24
115     25
115     26
115     27
115     28
115     29
115     30
115     31
115     32
115     33
115     34
115     35
115     36
115     37
115     38
115     39
115     40
115     41
115     42
115     43
115     44
115     45
115     46
115     47
115     48
115     49
115     50
115     51
115     52
115     53
115     54
115     55
115     56
115     57
115     58
115     59
115     60
115     61
115     62
115     63
115     64
115     65
115     66
115     67
115     68
115     69
116     22
116     23
116     24
116     25
116     26
116     27
116     28
116     29
116     30
116     31
116     32
116     33
116     34
116     35
116     36
116     37
116     38
116     39
116     40
116     41
116     42
116     43
116     44
116     45
116     46
116     47
116     48
116     49
116     50
116     51
116     52
116     53
116     54
116     55
116     56
116     57
116     58
116     59
116     60
116     61
116     62
116     63
116     64
116     65
116     66
116     67
116     68
117     22
117     23
117     24
117     25
117     26
117     27
117     28
117     29
117     30
117     31
117     32
117     33
117     34
117     35
117     36
117     37
117     38
117     39
117     40
117     41
117     42
117     43
117     44
117     45
117     46
117     47
117     48
117     49
117     50
117     51
117     52
117     53
117     54
117     55
117     56
117     57
117     58
117     59
117     60
117     61
117     62
117     63
117     64
117     65
117     66
117     67
118     22
118     23
118     24
118     25
118     26
118     27
118     28
118     29
118     30
118     31
118     32
118     33
118     34
118     35
118     36
118     37
118     38
118     39
118     40
118     41
118     42
118     43
118     44
118     45
118     46
118     47
118     48
118     49
118     50
118     51
118     52
118     53
118     54
118     55
118     56
118     57
118     58
118     59
118     60
118     61
118     62
118     63
118     64
118     65
118     66
118     67
119     23
119     24
119     25
119     26
119     27
119     28
119     29
119     30
119     31
119     32
119     33
119     34
119     35
119     36
119     37
119     38
119     39
119     40
119     41
119     42
119     43
119     44
119     45
119     46
119     47
119     48
119     49
119     50
119     51
119     52
119     53
119     54
119     55
119     56
119     57
119     58
119     59
119     60
119     61
119     62
119     63
119     64
119     65
119     66
120     23
120     24
120     25
120     26
120     27
120     28
120     29
120     30
120     31
120     32
120     33
120     34
120     35
120     36
120     37
120     38
120     39
120     40
120     41
120     42
120     43
120     44
120     45
120     46
120     47
120     48
120     49
120     50
120     51
120     52
120     53
120     54
120     55
120     56
120     57
120     58
120     59
120     60
120     61
120     62
120     63
120     64
120     65
121     23
121     24
121     25
121     26
121     27
121     28
121     29
121     30
121     31
121     32
121     33
121     34
121     35
121     36
121     37
121     38
121     39
121     40
121     41
121     42
121     43
121     44
121     45
121     46
121     47
121     48
121     49
121     50
121     51
121     52
121     53
121     54
121     55
121     56
121     57
121     58
121     59
121     60
121     61
121     62
121     63
121     64
122     24
122     25
122     26
122     27
122     28
122     29
122     30
122     31
122     32
122     33
122     34
122     35
122     36
122     37
122     38
122     39
122     40
122     41
122     42
122     43
122     44
122     45
122     46
122     47
122     48
122     49
122     50
122     51
122     52
122     53
122     54
122     55
122     56
122     57
122     58
122     59
122     60
122     61
122     62
122     63
123     24
123     25
123     26
123     27
123     28
123     29
123     30
123     31
123     32
123     33
123     34
123     35
123     36
123     37
123     38
123     39
123     40
123     41
123     42
123     43
123     44
123     45
123     46
123     47
123     48
123     49
123     50
123     51
123     52
123     53
123     54
123     55
123     56
123     57
123     58
123     59
123     60
123     61
123     62
124     25
124     26
124     27
124     28
124     29
124     30
124     31
124     32
124     33
124     34
124     35
124     36
124     37
124     38
124     39
124     40
124     41
124     42
124     43
124     44
124     45
124     46
124     47
124     48
124     49
124     50
124     51
124     52
124     53
124     54
124     55
124     56
124     57
124     58
124     59
124     60
124     61
124     62
125     25
125     26
125     27
125     28
125     29
125     30
125     31
125     32
125     33
125     34
125     35
125     36
125     37
125     38
125     39
125     40
125     41
125     42
125     43
125     44
125     45
125     46
125     47
125     48
125     49
125     50
125     51
125     52
125     53
125     54
125     55
125     56
125     57
125     58
125     59
125     60
125     61
126     25
126     26
126     27
126     28
126     29
126     30
126     31
126     32
126     33
126     34
126     35
126     36
126     37
126     38
126     39
126     40
126     41
126     42
126     43
126     44
126     45
126     46
126     47
126     48
126     49
126     50
126     51
126     52
126     53
126     54
126     55
126     56
126     57
126     58
126     59
126     60
127     26
127     27
127     28
127     29
127     30
127     31
127     32
127     33
127     34
127     35
127     36
127     37
127     38
127     39
127     40
127     41
127     42
127     43
127     44
127     45
127     46
127     47
127     48
127     49
127     50
127     51
127     52
127     53
127     54
127     55
127     56
127     57
127     58
127     59
128     26
128     27
128     28
128     29
128     30
128     31
128     32
128     33
128     34
128     35
128     36
128     37
128     38
128     39
128     40
128     41
128     42
128     43
128     44
128     45
128     46
128     47
128     48
128     49
128     50
128     51
128     52
128     53
128     54
128     55
128     56
128     57
128     58
129     26
129     27
129     28
129     29
129     30
129     31
129     32
129     33
129     34
129     35
129     36
129     37
129     38
129     39
129     40
129     41
129     42
129     43
129     44
129     45
129     46
129     47
129     48
129     49
129     50
129     51
129     52
129     53
129     54
129     55
129     56
129     57
130     27
130     28
130     29
130     30
130     31
130     32
130     33
130     34
130     35
130     36
130     37
130     38
130     39
130     40
130     41
130     42
130     43
130     44
130     45
130     46
130     47
130     48
130     49
130     50
130     51
130     52
130     53
130     54
130     55
130     56
130     57
131     27
131     28
131     29
131     30
131     31
131     32
131     33
131     34
131     35
131     36
131     37
131     38
131     39
131     40
131     41
131     42
131     43
131     44
131     45
131     46
131     47
131     48
131     49
131     50
131     51
131     52
131     53
131     54
131     55
131     56
132     28
132     29
132     30
132     31
132     32
132     33
132     34
132     35
132     36
132     37
132     38
132     39
132     40
132     41
132     42
132     43
132     44
132     45
132     46
132     47
132     48
132     49
132     50
132     51
132     52
132     53
132     54
132     55
133     28
133     29
133     30
133     31
133     32
133     33
133     34
133     35
133     36
133     37
133     38
133     39
133     40
133     41
133     42
133     43
133     44
133     45
133     46
133     47
133     48
133     49
133     50
133     51
133     52
133     53
133     54
134     28
134     29
134     30
134     31
134     32
134     33
134     34
134     35
134     36
134     37
134     38
134     39
134     40
134     41
134     42
134     43
134     44
134     45
134     46
134     47
134     48
134     49
134     50
134     51
134     52
134     53
135     29
135     30
135     31
135     32
135     33
135     34
135     35
135     36
135     37
135     38
135     39
135     40
135     41
135     42
135     43
135     44
135     45
135     46
135     47
135     48
135     49
135     50
135     51
135     52
136     29
136     30
136     31
136     32
136     33
136     34
136     35
136     36
136     37
136     38
136     39
136     40
136     41
136     42
136     43
136     44
136     45
136     46
136     47
136     48
136     49
136     50
136     51
136     52
137     29
137     30
137     31
137     32
137     33
137     34
137     35
137     36
137     37
137     38
137     39
137     40
137     41
137     42
137     43
137     44
137     45
137     46
137     47
137     48
137     49
137     50
137     51
138     30
138     31
138     32
138     33
138     34
138     35
138     36
138     37
138     38
138     39
138     40
138     41
138     42
138     43
138     44
138     45
138     46
138     47
138     48
138     49
138     50
139     30
139     31
139     32
139     33
139     34
139     35
139     36
139     37
139     38
139     39
139     40
139     41
139     42
139     43
139     44
139     45
139     46
139     47
139     48
139     49
140     31
140     32
140     33
140     34
140     35
140     36
140     37
140     38
140     39
140     40
140     41
140     42
140     43
140     44
140     45
140     46
140     47
140     48
141     31
141     32
141     33
141     34
141     35
141     36
141     37
141     38
141     39
141     40
141     41
141     42
141     43
141     44
141     45
141     46
141     47
141     48
142     31
142     32
142     33
142     34
142     35
142     36
142     37
142     38
142     39
142     40
142     41
142     42
142     43
142     44
142     45
142     46
142     47
143     32
143     33
143     34
143     35
143     36
143     37
143     38
143     39
143     40
143     41
143     42
143     43
143     44
143     45
143     46
144     32
144     33
144     34
144     35
144     36
144     37
144     38
144     39
144     40
144     41
144     42
144     43
144     44
144     45
145     33
145     34
145     35
145     36
145     37
145     38
145     39
145     40
145     41
145     42
145     43
145     44
146     33
146     34
146     35
146     36
146     37
146     38
146     39
146     40
146     41
146     42
146     43
147     33
147     34
147     35
147     36
147     37
147     38
147     39
147     40
147     41
147     42
147     43
148     34
148     35
148     36
148     37
148     38
148     39
148     40
148     41
148     42
149     34
149     35
149     36
149     37
149     38
149     39
149     40
149     41
150     35
150     36
150     37
150     38
150     39
150     40
151     35
151     36
151     37
151     38
151     39
152     36
152     37
152     38
153     36
153     37
153     38
154     36
154     37
