1.98099999999999990.0
2.35699999999999980.097
2.264   0.0
2.63999999999999970.097
2.54699999999999970.0
2.92299999999999960.097
2.82999999999999960.0
3.20599999999999950.097
3.11299999999999950.0
3.48899999999999940.097
3.396   0.0
3.772   0.097
3.679   0.0
4.055   0.097
4.431   0.194
3.96199999999999970.0
4.338   0.097
4.71399999999999950.194
4.2449999999999990.0
4.62099999999999960.097
4.9969999999999990.194
4.528   0.0
4.904   0.097
5.2799999999999990.194
5.656   0.29100000000000004
4.811   0.0
5.187   0.097
5.563   0.194
5.939   0.29100000000000004
5.0939999999999990.0
5.47    0.097
5.8459999999999990.194
6.22199999999999950.29100000000000004
6.5979999999999990.388
5.377   0.0
5.753   0.097
6.129   0.194
6.505   0.29100000000000004
6.881   0.388
7.257   0.485
5.6599999999999990.0
6.036   0.097
6.4119999999999990.194
6.7879999999999990.29100000000000004
7.164   0.388
7.5399999999999990.485
5.943   0.0
6.319   0.097
6.6949999999999990.194
7.071   0.29100000000000004
7.4469999999999990.388
7.82299999999999950.485
8.199   0.5820000000000001
6.2259999999999990.0
6.6019999999999990.097
6.9779999999999990.194
7.3539999999999990.29100000000000004
7.7299999999999990.388
8.1059999999999980.485
8.482   0.5820000000000001
8.8579999999999990.679
6.50899999999999950.0
6.885   0.097
7.2609999999999990.194
7.637   0.29100000000000004
8.013   0.388
8.389   0.485
8.765   0.5820000000000001
9.141   0.679
9.517   0.776
6.792   0.0
7.168   0.097
7.544   0.194
7.92    0.29100000000000004
8.296   0.388
8.672   0.485
9.048   0.5820000000000001
9.424   0.679
9.8     0.776
7.451   0.097
7.8269999999999990.194
8.203   0.29100000000000004
8.5789999999999990.388
8.9549999999999980.485
9.331   0.5820000000000001
9.7069999999999990.679
10.0829999999999980.776
10.459  0.873
7.734   0.097
8.11    0.194
8.486   0.29100000000000004
8.862   0.388
9.238   0.485
9.614   0.5820000000000001
9.99    0.679
10.366  0.776
10.7419999999999990.873
11.1179999999999990.97
8.017   0.097
8.3929999999999990.194
8.7689999999999980.29100000000000004
9.145   0.388
9.5209999999999990.485
9.8969999999999980.5820000000000001
10.273  0.679
10.649  0.776
11.0249999999999990.873
11.401  0.97
11.777  1.067
8.2999999999999990.097
8.676   0.194
9.052   0.29100000000000004
9.4279999999999990.388
9.8039999999999980.485
10.18   0.5820000000000001
10.556  0.679
10.9319999999999990.776
11.308  0.873
11.684  0.97
12.0599999999999991.067
12.436  1.1640000000000001
12.812  1.2610000000000001
8.5829999999999980.097
8.959   0.194
9.3349999999999990.29100000000000004
9.7109999999999990.388
10.087  0.485
10.463  0.5820000000000001
10.8389999999999990.679
11.215  0.776
11.591  0.873
11.9669999999999990.97
12.343  1.067
12.719  1.1640000000000001
13.0949999999999991.2610000000000001
13.471  1.358
8.8659999999999980.097
9.2419999999999990.194
9.6179999999999990.29100000000000004
9.9939999999999980.388
10.3699999999999970.485
10.7459999999999990.5820000000000001
11.1219999999999980.679
11.4979999999999980.776
11.8739999999999990.873
12.2499999999999980.97
12.6259999999999981.067
13.0019999999999991.1640000000000001
13.3779999999999981.2610000000000001
13.7539999999999981.358
14.1299999999999991.455
9.149   0.097
9.525   0.194
9.901   0.29100000000000004
10.277  0.388
10.6529999999999990.485
11.029  0.5820000000000001
11.405  0.679
11.7809999999999990.776
12.157  0.873
12.533  0.97
12.9089999999999991.067
13.285  1.1640000000000001
13.661  1.2610000000000001
14.0369999999999991.358
14.413  1.455
14.789  1.552
9.4319999999999990.097
9.808   0.194
10.184  0.29100000000000004
10.5599999999999990.388
10.936  0.485
11.312  0.5820000000000001
11.6879999999999990.679
12.064  0.776
12.44   0.873
12.8159999999999990.97
13.192  1.067
13.568  1.1640000000000001
13.9439999999999991.2610000000000001
14.32   1.358
14.6959999999999981.455
15.072  1.552
15.448  1.649
9.7149999999999980.097
10.091  0.194
10.4669999999999990.29100000000000004
10.8429999999999980.388
11.2189999999999980.485
11.5949999999999990.5820000000000001
11.9709999999999980.679
12.3469999999999980.776
12.7229999999999990.873
13.0989999999999980.97
13.4749999999999981.067
13.8509999999999991.1640000000000001
14.2269999999999991.2610000000000001
14.6029999999999981.358
14.979  1.455
15.3549999999999991.552
15.7309999999999981.649
16.107  1.746
16.4829999999999971.843
10.374  0.194
10.75   0.29100000000000004
11.126  0.388
11.5019999999999990.485
11.878  0.5820000000000001
12.254  0.679
12.6299999999999990.776
13.006  0.873
13.382  0.97
13.758  1.067
14.134  1.1640000000000001
14.51   1.2610000000000001
14.886  1.358
15.262  1.455
15.638  1.552
16.014  1.649
16.39   1.746
16.766  1.843
17.142  1.94
10.657  0.194
11.033  0.29100000000000004
11.4089999999999990.388
11.785  0.485
12.161  0.5820000000000001
12.5369999999999990.679
12.913  0.776
13.289  0.873
13.665  0.97
14.041  1.067
14.417  1.1640000000000001
14.793  1.2610000000000001
15.169  1.358
15.5449999999999981.455
15.921  1.552
16.297  1.649
16.673  1.746
17.049  1.843
17.4249999999999971.94
17.801  2.037
18.177  2.134
10.94   0.194
11.3159999999999990.29100000000000004
11.6919999999999980.388
12.0679999999999980.485
12.4439999999999990.5820000000000001
12.8199999999999990.679
13.1959999999999980.776
13.572  0.873
13.9479999999999990.97
14.3239999999999981.067
14.7    1.1640000000000001
15.0759999999999991.2610000000000001
15.4519999999999981.358
15.828  1.455
16.204  1.552
16.58   1.649
16.956  1.746
17.332  1.843
17.708  1.94
18.084  2.037
18.46   2.134
18.836  2.231
11.2229999999999990.194
11.5989999999999980.29100000000000004
11.9749999999999980.388
12.3509999999999990.485
12.7269999999999990.5820000000000001
13.1029999999999980.679
13.479  0.776
13.8549999999999990.873
14.2309999999999980.97
14.607  1.067
14.9829999999999991.1640000000000001
15.3589999999999981.2610000000000001
15.735  1.358
16.1109999999999971.455
16.487  1.552
16.863  1.649
17.2389999999999971.746
17.615  1.843
17.991  1.94
18.3669999999999972.037
18.743  2.134
19.119  2.231
19.4949999999999972.3280000000000003
19.871  2.4250000000000003
11.506  0.194
11.882  0.29100000000000004
12.258  0.388
12.634  0.485
13.01   0.5820000000000001
13.386  0.679
13.762  0.776
14.138  0.873
14.514  0.97
14.89   1.067
15.266  1.1640000000000001
15.642  1.2610000000000001
16.018  1.358
16.394  1.455
16.77   1.552
17.146  1.649
17.522  1.746
17.898  1.843
18.274  1.94
18.65   2.037
19.026  2.134
19.402  2.231
19.778  2.3280000000000003
20.154  2.4250000000000003
20.53   2.5220000000000002
11.789  0.194
12.165  0.29100000000000004
12.5409999999999990.388
12.9169999999999980.485
13.293  0.5820000000000001
13.6689999999999990.679
14.0449999999999980.776
14.421  0.873
14.7969999999999990.97
15.1729999999999981.067
15.549  1.1640000000000001
15.9249999999999991.2610000000000001
16.301  1.358
16.677  1.455
17.0529999999999971.552
17.429  1.649
17.805  1.746
18.1809999999999971.843
18.557  1.94
18.933  2.037
19.3089999999999972.134
19.685  2.231
20.061  2.3280000000000003
20.4369999999999982.4250000000000003
20.813  2.5220000000000002
21.189  2.619
12.072  0.194
12.4479999999999990.29100000000000004
12.8239999999999980.388
13.2    0.485
13.5759999999999990.5820000000000001
13.9519999999999980.679
14.328  0.776
14.7039999999999990.873
15.0799999999999980.97
15.456  1.067
15.8319999999999991.1640000000000001
16.208  1.2610000000000001
16.584  1.358
16.9599999999999971.455
17.336  1.552
17.712  1.649
18.0879999999999971.746
18.464  1.843
18.8399999999999961.94
19.2159999999999982.037
19.592  2.134
19.9679999999999962.231
20.344  2.3280000000000003
20.72   2.4250000000000003
21.0959999999999972.5220000000000002
21.4719999999999982.619
12.731  0.29100000000000004
13.107  0.388
13.483  0.485
13.859  0.5820000000000001
14.235  0.679
14.611  0.776
14.987  0.873
15.363  0.97
15.739  1.067
16.1150000000000021.1640000000000001
16.491  1.2610000000000001
16.867  1.358
17.243  1.455
17.619  1.552
17.995  1.649
18.371  1.746
18.747  1.843
19.1229999999999981.94
19.499  2.037
19.875  2.134
20.2509999999999982.231
20.6270000000000022.3280000000000003
21.003  2.4250000000000003
21.3789999999999982.5220000000000002
21.755  2.619
22.131  2.716
13.014  0.29100000000000004
13.3899999999999990.388
13.7659999999999980.485
14.142  0.5820000000000001
14.5179999999999990.679
14.8939999999999980.776
15.27   0.873
15.6459999999999990.97
16.022  1.067
16.398  1.1640000000000001
16.774  1.2610000000000001
17.15   1.358
17.526  1.455
17.902  1.552
18.278  1.649
18.654  1.746
19.03   1.843
19.406  1.94
19.782  2.037
20.158  2.134
20.534  2.231
20.91   2.3280000000000003
21.286  2.4250000000000003
21.662  2.5220000000000002
22.0379999999999972.619
22.414  2.716
22.79   2.813
13.2969999999999990.29100000000000004
13.6729999999999980.388
14.049  0.485
14.4249999999999990.5820000000000001
14.8009999999999980.679
15.177  0.776
15.5529999999999990.873
15.9289999999999980.97
16.305  1.067
16.6809999999999971.1640000000000001
17.057  1.2610000000000001
17.433  1.358
17.8089999999999971.455
18.185  1.552
18.561  1.649
18.9369999999999981.746
19.313  1.843
19.689  1.94
20.0649999999999982.037
20.441  2.134
20.817  2.231
21.1929999999999982.3280000000000003
21.569  2.4250000000000003
21.945  2.5220000000000002
22.3209999999999982.619
22.697  2.716
23.073  2.813
23.4489999999999982.91
13.5799999999999980.29100000000000004
13.9559999999999980.388
14.3319999999999970.485
14.7079999999999980.5820000000000001
15.0839999999999980.679
15.4599999999999970.776
15.8359999999999990.873
16.2119999999999960.97
16.5879999999999971.067
16.964  1.1640000000000001
17.3399999999999961.2610000000000001
17.7159999999999981.358
18.092  1.455
18.4679999999999961.552
18.8439999999999981.649
19.22   1.746
19.5959999999999971.843
19.9719999999999981.94
20.348  2.037
20.7239999999999972.134
21.0999999999999982.231
21.476  2.3280000000000003
21.8519999999999972.4250000000000003
22.2279999999999982.5220000000000002
22.604  2.619
22.9799999999999972.716
23.3559999999999982.813
23.732  2.91
13.863  0.29100000000000004
14.2389999999999990.388
14.6149999999999980.485
14.991  0.5820000000000001
15.3669999999999990.679
15.7429999999999990.776
16.119  0.873
16.4949999999999970.97
16.871  1.067
17.247  1.1640000000000001
17.6229999999999981.2610000000000001
17.999  1.358
18.375  1.455
18.7509999999999981.552
19.127  1.649
19.503  1.746
19.8789999999999981.843
20.255  1.94
20.631  2.037
21.0069999999999982.134
21.383  2.231
21.759  2.3280000000000003
22.1349999999999982.4250000000000003
22.511  2.5220000000000002
22.887  2.619
23.2629999999999982.716
23.639  2.813
24.015  2.91
24.391  3.007
14.1459999999999990.29100000000000004
14.5219999999999980.388
14.898  0.485
15.274  0.5820000000000001
15.6499999999999990.679
16.026  0.776
16.4019999999999970.873
16.778  0.97
17.154  1.067
17.53   1.1640000000000001
17.906  1.2610000000000001
18.282  1.358
18.6579999999999981.455
19.034  1.552
19.41   1.649
19.7859999999999981.746
20.162  1.843
20.5379999999999971.94
20.9139999999999982.037
21.29   2.134
21.6659999999999972.231
22.042  2.3280000000000003
22.418  2.4250000000000003
22.7939999999999972.5220000000000002
23.1699999999999982.619
23.546  2.716
23.9219999999999972.813
24.298  2.91
24.674  3.007
25.0499999999999973.104
14.8049999999999980.388
15.1809999999999970.485
15.5569999999999990.5820000000000001
15.9329999999999980.679
16.3089999999999970.776
16.685  0.873
17.061  0.97
17.4369999999999981.067
17.813  1.1640000000000001
18.189  1.2610000000000001
18.5649999999999981.358
18.941  1.455
19.317  1.552
19.6929999999999981.649
20.069  1.746
20.445  1.843
20.8209999999999981.94
21.197  2.037
21.573  2.134
21.9489999999999982.231
22.325  2.3280000000000003
22.701  2.4250000000000003
23.0769999999999982.5220000000000002
23.4529999999999962.619
23.829  2.716
24.205  2.813
24.5809999999999962.91
24.957  3.007
25.333  3.104
25.7089999999999963.201
15.088  0.388
15.4639999999999990.485
15.84   0.5820000000000001
16.216  0.679
16.592  0.776
16.968  0.873
17.344  0.97
17.72   1.067
18.096  1.1640000000000001
18.472  1.2610000000000001
18.848  1.358
19.224  1.455
19.6    1.552
19.976  1.649
20.352  1.746
20.728  1.843
21.104  1.94
21.48   2.037
21.856  2.134
22.232  2.231
22.608  2.3280000000000003
22.984  2.4250000000000003
23.36   2.5220000000000002
23.7359999999999972.619
24.1120000000000022.716
24.488  2.813
24.8639999999999972.91
25.2400000000000023.007
25.616  3.104
25.9919999999999973.201
15.3709999999999990.388
15.747  0.485
16.1229999999999980.5820000000000001
16.499  0.679
16.875  0.776
17.2509999999999980.873
17.627  0.97
18.003  1.067
18.3789999999999981.1640000000000001
18.755  1.2610000000000001
19.131  1.358
19.5069999999999981.455
19.883  1.552
20.259  1.649
20.6349999999999981.746
21.011  1.843
21.387  1.94
21.7629999999999982.037
22.139  2.134
22.515  2.231
22.891  2.3280000000000003
23.267  2.4250000000000003
23.643  2.5220000000000002
24.019  2.619
24.395  2.716
24.771  2.813
25.147  2.91
25.523  3.007
25.899  3.104
26.275  3.201
26.651  3.298
15.6539999999999980.388
16.0299999999999980.485
16.406  0.5820000000000001
16.782  0.679
17.1579999999999980.776
17.534  0.873
17.9099999999999970.97
18.2859999999999981.067
18.662  1.1640000000000001
19.0379999999999971.2610000000000001
19.4139999999999981.358
19.79   1.455
20.1659999999999971.552
20.5419999999999981.649
20.918  1.746
21.2939999999999971.843
21.6699999999999981.94
22.046  2.037
22.4219999999999972.134
22.798  2.231
23.174  2.3280000000000003
23.5499999999999972.4250000000000003
23.926  2.5220000000000002
24.302  2.619
24.6779999999999972.716
25.054  2.813
25.43   2.91
25.8059999999999973.007
26.182  3.104
26.558  3.201
26.9339999999999973.298
27.31   3.395
15.9369999999999980.388
16.313  0.485
16.689  0.5820000000000001
17.0649999999999980.679
17.441  0.776
17.8169999999999970.873
18.1929999999999980.97
18.569  1.067
18.945  1.1640000000000001
19.3209999999999981.2610000000000001
19.697  1.358
20.0729999999999971.455
20.4489999999999981.552
20.825  1.649
21.2009999999999971.746
21.5769999999999981.843
21.9529999999999961.94
22.3289999999999972.037
22.705  2.134
23.0809999999999962.231
23.457  2.3280000000000003
23.833  2.4250000000000003
24.2089999999999962.5220000000000002
24.5849999999999972.619
24.961  2.716
25.3369999999999962.813
25.7129999999999972.91
26.089  3.007
26.4649999999999963.104
26.8409999999999983.201
27.217  3.298
27.5929999999999963.395
27.9689999999999983.492
16.22   0.388
16.596  0.485
16.972  0.5820000000000001
17.348  0.679
17.724  0.776
18.0999999999999980.873
18.476  0.97
18.852  1.067
19.228  1.1640000000000001
19.604  1.2610000000000001
19.98   1.358
20.3559999999999981.455
20.732  1.552
21.108  1.649
21.4839999999999981.746
21.86   1.843
22.2359999999999971.94
22.612  2.037
22.988  2.134
23.3639999999999972.231
23.7400000000000022.3280000000000003
24.116  2.4250000000000003
24.4919999999999972.5220000000000002
24.868  2.619
25.244  2.716
25.6199999999999972.813
25.996  2.91
26.372  3.007
26.7479999999999983.104
27.124  3.201
27.5    3.298
27.8759999999999983.395
28.252  3.492
28.628  3.589
16.8789999999999980.485
17.255  0.5820000000000001
17.631  0.679
18.0069999999999980.776
18.383  0.873
18.759  0.97
19.1349999999999981.067
19.511  1.1640000000000001
19.887  1.2610000000000001
20.2629999999999981.358
20.639  1.455
21.015  1.552
21.391  1.649
21.767  1.746
22.143  1.843
22.519  1.94
22.895  2.037
23.271  2.134
23.647  2.231
24.023  2.3280000000000003
24.399  2.4250000000000003
24.775  2.5220000000000002
25.1509999999999962.619
25.527  2.716
25.903  2.813
26.2789999999999962.91
26.655  3.007
27.031  3.104
27.4069999999999963.201
27.783  3.298
28.159  3.395
28.5349999999999973.492
28.911  3.589
17.162  0.485
17.5379999999999970.5820000000000001
17.9139999999999980.679
18.29   0.776
18.6659999999999970.873
19.0419999999999980.97
19.418  1.067
19.7939999999999971.1640000000000001
20.1699999999999981.2610000000000001
20.546  1.358
20.9219999999999971.455
21.298  1.552
21.674  1.649
22.0499999999999971.746
22.426  1.843
22.802  1.94
23.1779999999999972.037
23.554  2.134
23.93   2.231
24.3059999999999972.3280000000000003
24.682  2.4250000000000003
25.058  2.5220000000000002
25.4339999999999972.619
25.81   2.716
26.186  2.813
26.5619999999999982.91
26.938  3.007
27.314  3.104
27.6899999999999983.201
28.066  3.298
28.442  3.395
28.8179999999999983.492
29.194  3.589
29.57   3.686
17.4449999999999970.485
17.8209999999999980.5820000000000001
18.197  0.679
18.5729999999999970.776
18.9489999999999980.873
19.3249999999999960.97
19.7009999999999971.067
20.0769999999999981.1640000000000001
20.4529999999999961.2610000000000001
20.8289999999999971.358
21.205  1.455
21.5809999999999961.552
21.9569999999999971.649
22.333  1.746
22.7089999999999961.843
23.0849999999999971.94
23.461  2.037
23.8369999999999962.134
24.2129999999999972.231
24.589  2.3280000000000003
24.9649999999999962.4250000000000003
25.3409999999999982.5220000000000002
25.717  2.619
26.0929999999999962.716
26.4689999999999982.813
26.845  2.91
27.2209999999999973.007
27.5969999999999983.104
27.973  3.201
28.3489999999999973.298
28.7249999999999983.395
29.101  3.492
29.4769999999999973.589
29.8529999999999983.686
30.229  3.783
17.7279999999999980.485
18.104  0.5820000000000001
18.48   0.679
18.8559999999999980.776
19.232  0.873
19.6079999999999970.97
19.9839999999999981.067
20.36   1.1640000000000001
20.7359999999999971.2610000000000001
21.112  1.358
21.488  1.455
21.8639999999999971.552
22.24   1.649
22.616  1.746
22.9919999999999971.843
23.368  1.94
23.744  2.037
24.1199999999999972.134
24.496  2.231
24.872  2.3280000000000003
25.2479999999999982.4250000000000003
25.624  2.5220000000000002
26.0    2.619
26.3759999999999982.716
26.752  2.813
27.128  2.91
27.5039999999999983.007
27.88   3.104
28.256  3.201
28.6319999999999983.298
29.008  3.395
29.384  3.492
29.7599999999999983.589
30.136  3.686
30.512  3.783
30.8879999999999983.88
18.011  0.485
18.387  0.5820000000000001
18.763  0.679
19.139  0.776
19.515  0.873
19.891  0.97
20.267  1.067
20.643  1.1640000000000001
21.019  1.2610000000000001
21.395  1.358
21.771  1.455
22.147  1.552
22.523  1.649
22.899  1.746
23.275  1.843
23.651  1.94
24.027  2.037
24.403  2.134
24.779  2.231
25.155  2.3280000000000003
25.531  2.4250000000000003
25.907  2.5220000000000002
26.283  2.619
26.659  2.716
27.035  2.813
27.411  2.91
27.787  3.007
28.163  3.104
28.539  3.201
28.915  3.298
29.291  3.395
29.667  3.492
30.043  3.589
30.419  3.686
30.795  3.783
31.171  3.88
18.6699999999999980.5820000000000001
19.046  0.679
19.4219999999999970.776
19.798  0.873
20.174  0.97
20.5499999999999971.067
20.926  1.1640000000000001
21.302  1.2610000000000001
21.6779999999999971.358
22.054  1.455
22.43   1.552
22.8059999999999971.649
23.182  1.746
23.558  1.843
23.9339999999999971.94
24.31   2.037
24.686  2.134
25.0619999999999982.231
25.438  2.3280000000000003
25.814  2.4250000000000003
26.1899999999999982.5220000000000002
26.5659999999999952.619
26.942  2.716
27.3179999999999982.813
27.6939999999999962.91
28.07   3.007
28.4459999999999983.104
28.8219999999999963.201
29.198  3.298
29.5739999999999983.395
29.9499999999999963.492
30.326  3.589
30.7019999999999983.686
31.0779999999999963.783
31.4539999999999973.88
31.83   3.9770000000000003
18.953  0.5820000000000001
19.329  0.679
19.705  0.776
20.081  0.873
20.457  0.97
20.833  1.067
21.209  1.1640000000000001
21.585  1.2610000000000001
21.961  1.358
22.337  1.455
22.713  1.552
23.089  1.649
23.465  1.746
23.841  1.843
24.217  1.94
24.593  2.037
24.969  2.134
25.345  2.231
25.721  2.3280000000000003
26.097  2.4250000000000003
26.473  2.5220000000000002
26.8489999999999972.619
27.225  2.716
27.601  2.813
27.9769999999999972.91
28.353  3.007
28.729  3.104
29.1049999999999973.201
29.481  3.298
29.857  3.395
30.2329999999999973.492
30.609  3.589
30.985  3.686
31.3609999999999973.783
31.737  3.88
32.113  3.9770000000000003
32.489  4.074
19.2359999999999970.5820000000000001
19.612  0.679
19.9879999999999960.776
20.3639999999999970.873
20.7399999999999950.97
21.1159999999999961.067
21.4919999999999971.1640000000000001
21.8679999999999951.2610000000000001
22.2439999999999961.358
22.6199999999999971.455
22.9959999999999951.552
23.3719999999999961.649
23.7479999999999981.746
24.1239999999999951.843
24.4999999999999961.94
24.8759999999999982.037
25.2519999999999952.134
25.6279999999999972.231
26.0039999999999982.3280000000000003
26.3799999999999952.4250000000000003
26.7559999999999972.5220000000000002
27.1319999999999982.619
27.5079999999999962.716
27.8839999999999972.813
28.2599999999999982.91
28.6359999999999963.007
29.0119999999999973.104
29.3879999999999983.201
29.7639999999999963.298
30.1399999999999973.395
30.516  3.492
30.8919999999999963.589
31.2679999999999973.686
31.644  3.783
32.0199999999999963.88
32.396  3.9770000000000003
32.772  4.074
33.1479999999999964.171
19.519  0.5820000000000001
19.895  0.679
20.2709999999999970.776
20.647  0.873
21.0229999999999960.97
21.3989999999999971.067
21.775  1.1640000000000001
22.1509999999999961.2610000000000001
22.5269999999999971.358
22.903  1.455
23.2789999999999961.552
23.6549999999999981.649
24.031  1.746
24.4069999999999961.843
24.7829999999999981.94
25.159  2.037
25.5349999999999972.134
25.9109999999999982.231
26.287  2.3280000000000003
26.6629999999999972.4250000000000003
27.0389999999999982.5220000000000002
27.415  2.619
27.7909999999999972.716
28.1669999999999982.813
28.543  2.91
28.9189999999999973.007
29.2949999999999983.104
29.671  3.201
30.0469999999999973.298
30.423  3.395
30.799  3.492
31.1749999999999973.589
31.551  3.686
31.927  3.783
32.303  3.88
32.679  3.9770000000000003
33.055  4.074
33.431  4.171
19.802  0.5820000000000001
20.178  0.679
20.554  0.776
20.93   0.873
21.3059999999999970.97
21.682  1.067
22.058  1.1640000000000001
22.4339999999999971.2610000000000001
22.81   1.358
23.186  1.455
23.5619999999999981.552
23.938  1.649
24.314  1.746
24.6899999999999981.843
25.066  1.94
25.442  2.037
25.8179999999999982.134
26.194  2.231
26.57   2.3280000000000003
26.9459999999999982.4250000000000003
27.322  2.5220000000000002
27.698  2.619
28.0739999999999982.716
28.45   2.813
28.826  2.91
29.2019999999999983.007
29.578  3.104
29.954  3.201
30.33   3.298
30.706  3.395
31.082  3.492
31.458  3.589
31.834  3.686
32.21   3.783
32.586  3.88
32.962  3.9770000000000003
33.338  4.074
33.714  4.171
34.09   4.268
20.461  0.679
20.8369999999999960.776
21.2129999999999970.873
21.589  0.97
21.9649999999999961.067
22.3409999999999981.1640000000000001
22.717  1.2610000000000001
23.0929999999999961.358
23.4689999999999981.455
23.845  1.552
24.2209999999999971.649
24.5969999999999981.746
24.973  1.843
25.3489999999999971.94
25.7249999999999982.037
26.101  2.134
26.4769999999999972.231
26.8529999999999982.3280000000000003
27.229  2.4250000000000003
27.6049999999999972.5220000000000002
27.9809999999999952.619
28.357  2.716
28.7329999999999972.813
29.1089999999999952.91
29.485  3.007
29.8609999999999973.104
30.2369999999999953.201
30.613  3.298
30.9889999999999973.395
31.3649999999999953.492
31.741  3.589
32.117  3.686
32.4929999999999953.783
32.869  3.88
33.245  3.9770000000000003
33.6209999999999954.074
33.997  4.171
34.373  4.268
34.7489999999999954.365
20.744  0.679
21.1199999999999970.776
21.496  0.873
21.872  0.97
22.2479999999999981.067
22.624  1.1640000000000001
23.0    1.2610000000000001
23.3759999999999981.358
23.752  1.455
24.128  1.552
24.5039999999999981.649
24.88   1.746
25.256  1.843
25.6319999999999981.94
26.008  2.037
26.384  2.134
26.7599999999999982.231
27.136  2.3280000000000003
27.512  2.4250000000000003
27.8879999999999982.5220000000000002
28.2639999999999962.619
28.64   2.716
29.016  2.813
29.3919999999999962.91
29.768  3.007
30.144  3.104
30.5199999999999963.201
30.896  3.298
31.272  3.395
31.6479999999999963.492
32.024  3.589
32.4    3.686
32.7759999999999963.783
33.152  3.88
33.528  3.9770000000000003
33.9039999999999964.074
34.28   4.171
34.656  4.268
35.032  4.365
35.408  4.462
21.027  0.679
21.403  0.776
21.779  0.873
22.155  0.97
22.531  1.067
22.907  1.1640000000000001
23.283  1.2610000000000001
23.659  1.358
24.035  1.455
24.411  1.552
24.787  1.649
25.163  1.746
25.539  1.843
25.915  1.94
26.291  2.037
26.667  2.134
27.043  2.231
27.419  2.3280000000000003
27.795  2.4250000000000003
28.171  2.5220000000000002
28.5469999999999972.619
28.9230000000000022.716
29.299  2.813
29.6749999999999972.91
30.0510000000000023.007
30.427  3.104
30.8029999999999973.201
31.1790000000000023.298
31.555  3.395
31.9309999999999973.492
32.307  3.589
32.683  3.686
33.059  3.783
33.435  3.88
33.811  3.9770000000000003
34.187  4.074
34.563  4.171
34.939  4.268
35.315  4.365
35.691  4.462
36.067  4.559
21.31   0.679
21.6859999999999960.776
22.0619999999999980.873
22.4379999999999950.97
22.8139999999999971.067
23.1899999999999981.1640000000000001
23.5659999999999951.2610000000000001
23.9419999999999971.358
24.3179999999999981.455
24.6939999999999961.552
25.0699999999999971.649
25.4459999999999981.746
25.8219999999999961.843
26.1979999999999971.94
26.5739999999999982.037
26.9499999999999962.134
27.3259999999999972.231
27.7019999999999982.3280000000000003
28.0779999999999962.4250000000000003
28.4539999999999972.5220000000000002
28.83   2.619
29.2059999999999962.716
29.5819999999999972.813
29.958  2.91
30.3339999999999963.007
30.7099999999999973.104
31.086  3.201
31.4619999999999963.298
31.8379999999999973.395
32.214  3.492
32.5899999999999963.589
32.9659999999999943.686
33.342  3.783
33.7179999999999963.88
34.0939999999999943.9770000000000003
34.47   4.074
34.846  4.171
35.2219999999999944.268
35.598  4.365
35.974  4.462
36.3499999999999944.559
21.9689999999999980.776
22.345  0.873
22.7209999999999970.97
23.0969999999999981.067
23.473  1.1640000000000001
23.8489999999999971.2610000000000001
24.2249999999999981.358
24.601  1.455
24.9769999999999971.552
25.3529999999999981.649
25.729  1.746
26.1049999999999971.843
26.4809999999999981.94
26.857  2.037
27.2329999999999972.134
27.6089999999999982.231
27.985  2.3280000000000003
28.3609999999999972.4250000000000003
28.737  2.5220000000000002
29.113  2.619
29.4889999999999972.716
29.865  2.813
30.241  2.91
30.6169999999999973.007
30.993  3.104
31.369  3.201
31.7449999999999973.298
32.1209999999999953.395
32.497  3.492
32.873  3.589
33.2489999999999953.686
33.625  3.783
34.001  3.88
34.3769999999999953.9770000000000003
34.753  4.074
35.129  4.171
35.5049999999999954.268
35.881  4.365
36.257  4.462
36.6329999999999964.559
37.009  4.656000000000001
22.252  0.776
22.628  0.873
23.0039999999999980.97
23.38   1.067
23.756  1.1640000000000001
24.1319999999999981.2610000000000001
24.508  1.358
24.884  1.455
25.2599999999999981.552
25.636  1.649
26.012  1.746
26.3879999999999981.843
26.764  1.94
27.14   2.037
27.516  2.134
27.892  2.231
28.268  2.3280000000000003
28.644  2.4250000000000003
29.02   2.5220000000000002
29.396  2.619
29.772  2.716
30.148  2.813
30.524  2.91
30.9    3.007
31.276  3.104
31.652  3.201
32.028  3.298
32.4039999999999963.395
32.78   3.492
33.156  3.589
33.532  3.686
33.908  3.783
34.284  3.88
34.66   3.9770000000000003
35.036  4.074
35.412  4.171
35.788  4.268
36.164  4.365
36.54   4.462
36.916  4.559
37.292  4.656000000000001
37.668  4.753
22.5349999999999970.776
22.9109999999999980.873
23.287  0.97
23.6629999999999971.067
24.0389999999999981.1640000000000001
24.415  1.2610000000000001
24.7909999999999971.358
25.1669999999999981.455
25.543  1.552
25.9189999999999971.649
26.2949999999999981.746
26.671  1.843
27.0469999999999971.94
27.423  2.037
27.799  2.134
28.1749999999999972.231
28.551  2.3280000000000003
28.927  2.4250000000000003
29.3029999999999972.5220000000000002
29.6789999999999952.619
30.055  2.716
30.4309999999999972.813
30.8069999999999952.91
31.183  3.007
31.5589999999999973.104
31.9349999999999953.201
32.311  3.298
32.687  3.395
33.0629999999999953.492
33.439  3.589
33.815  3.686
34.1909999999999953.783
34.566999999999993.88
34.943  3.9770000000000003
35.3189999999999964.074
35.694999999999994.171
36.071  4.268
36.447  4.365
36.822999999999994.462
37.199  4.559
37.575  4.656000000000001
37.950999999999994.753
38.327  4.8500000000000005
22.8179999999999980.776
23.194  0.873
23.57   0.97
23.9459999999999981.067
24.322  1.1640000000000001
24.698  1.2610000000000001
25.0739999999999981.358
25.45   1.455
25.826  1.552
26.2019999999999981.649
26.578  1.746
26.954  1.843
27.33   1.94
27.706  2.037
28.082  2.134
28.458  2.231
28.834  2.3280000000000003
29.21   2.4250000000000003
29.586  2.5220000000000002
29.9619999999999962.619
30.338  2.716
30.714  2.813
31.0899999999999962.91
31.466  3.007
31.842  3.104
32.2179999999999963.201
32.594  3.298
32.97   3.395
33.346  3.492
33.722  3.589
34.098  3.686
34.474  3.783
34.8499999999999943.88
35.226  3.9770000000000003
35.602  4.074
35.9779999999999944.171
36.354  4.268
36.7300000000000044.365
37.1059999999999954.462
37.482  4.559
37.8580000000000044.656000000000001
38.2339999999999954.753
38.61   4.8500000000000005
23.4769999999999970.873
23.8529999999999940.97
24.2289999999999961.067
24.6049999999999971.1640000000000001
24.9809999999999951.2610000000000001
25.3569999999999961.358
25.7329999999999971.455
26.1089999999999951.552
26.4849999999999961.649
26.8609999999999971.746
27.2369999999999951.843
27.6129999999999961.94
27.9889999999999972.037
28.3649999999999952.134
28.7409999999999962.231
29.1169999999999972.3280000000000003
29.4929999999999952.4250000000000003
29.8689999999999962.5220000000000002
30.2449999999999972.619
30.6209999999999952.716
30.9969999999999962.813
31.3729999999999982.91
31.7489999999999953.007
32.125  3.104
32.501  3.201
32.8769999999999953.298
33.253  3.395
33.629  3.492
34.0049999999999953.589
34.381  3.686
34.757  3.783
35.1329999999999963.88
35.509  3.9770000000000003
35.885  4.074
36.2609999999999964.171
36.637  4.268
37.013  4.365
37.3889999999999964.462
37.765  4.559
38.141  4.656000000000001
38.5169999999999964.753
38.893  4.8500000000000005
39.268999999999994.947
23.7599999999999980.873
24.1359999999999960.97
24.5119999999999971.067
24.8879999999999981.1640000000000001
25.2639999999999961.2610000000000001
25.6399999999999971.358
26.016  1.455
26.3919999999999961.552
26.7679999999999971.649
27.144  1.746
27.5199999999999961.843
27.8959999999999971.94
28.272  2.037
28.6479999999999962.134
29.0239999999999972.231
29.4    2.3280000000000003
29.7759999999999962.4250000000000003
30.1519999999999972.5220000000000002
30.528  2.619
30.9039999999999962.716
31.2799999999999982.813
31.656  2.91
32.032  3.007
32.408  3.104
32.784  3.201
33.16   3.298
33.536  3.395
33.912  3.492
34.288  3.589
34.664  3.686
35.04   3.783
35.416  3.88
35.792  3.9770000000000003
36.168  4.074
36.544  4.171
36.92   4.268
37.296  4.365
37.672  4.462
38.048  4.559
38.424  4.656000000000001
38.8    4.753
39.176  4.8500000000000005
39.551999999999994.947
39.928  5.0440000000000005
24.043  0.873
24.4189999999999970.97
24.7949999999999981.067
25.171  1.1640000000000001
25.5469999999999971.2610000000000001
25.923  1.358
26.299  1.455
26.6749999999999971.552
27.051  1.649
27.427  1.746
27.8029999999999971.843
28.179  1.94
28.555  2.037
28.9309999999999972.134
29.307  2.231
29.683  2.3280000000000003
30.0589999999999972.4250000000000003
30.435  2.5220000000000002
30.811  2.619
31.1869999999999982.716
31.563  2.813
31.939  2.91
32.315  3.007
32.691  3.104
33.067  3.201
33.443  3.298
33.819  3.395
34.195  3.492
34.571  3.589
34.947  3.686
35.323  3.783
35.699  3.88
36.075  3.9770000000000003
36.451  4.074
36.827  4.171
37.203  4.268
37.579  4.365
37.955  4.462
38.331  4.559
38.707  4.656000000000001
39.083  4.753
39.459  4.8500000000000005
39.8349999999999944.947
40.211  5.0440000000000005
40.587  5.141
24.3259999999999970.873
24.7019999999999980.97
25.0779999999999961.067
25.4539999999999971.1640000000000001
25.83   1.2610000000000001
26.2059999999999961.358
26.5819999999999971.455
26.958  1.552
27.3339999999999961.649
27.7099999999999971.746
28.086  1.843
28.4619999999999961.94
28.8379999999999972.037
29.214  2.134
29.5899999999999962.231
29.9659999999999982.3280000000000003
30.342  2.4250000000000003
30.7179999999999962.5220000000000002
31.0939999999999942.619
31.47   2.716
31.8459999999999972.813
32.2219999999999942.91
32.598  3.007
32.974  3.104
33.3499999999999943.201
33.726  3.298
34.102  3.395
34.4779999999999943.492
34.854  3.589
35.23   3.686
35.6059999999999953.783
35.982  3.88
36.358  3.9770000000000003
36.7339999999999954.074
37.11   4.171
37.486  4.268
37.8619999999999954.365
38.238  4.462
38.614  4.559
38.9899999999999954.656000000000001
39.366  4.753
39.742  4.8500000000000005
40.1179999999999954.947
40.494  5.0440000000000005
40.87   5.141
24.985  0.97
25.3609999999999971.067
25.737  1.1640000000000001
26.113  1.2610000000000001
26.4889999999999971.358
26.865  1.455
27.241  1.552
27.6169999999999971.649
27.993  1.746
28.369  1.843
28.7449999999999971.94
29.121  2.037
29.497  2.134
29.8729999999999982.231
30.249  2.3280000000000003
30.625  2.4250000000000003
31.0009999999999982.5220000000000002
31.3769999999999952.619
31.753  2.716
32.129  2.813
32.5049999999999952.91
32.881  3.007
33.257  3.104
33.6329999999999963.201
34.009  3.298
34.385  3.395
34.7609999999999963.492
35.137  3.589
35.513  3.686
35.8889999999999963.783
36.265  3.88
36.641  3.9770000000000003
37.0169999999999964.074
37.393  4.171
37.769  4.268
38.1449999999999964.365
38.521  4.462
38.897  4.559
39.2729999999999964.656000000000001
39.649  4.753
40.025  4.8500000000000005
40.4009999999999964.947
40.777  5.0440000000000005
41.153  5.141
41.5289999999999965.238
25.268  0.97
25.644  1.067
26.02   1.1640000000000001
26.396  1.2610000000000001
26.772  1.358
27.148  1.455
27.524  1.552
27.9    1.649
28.276  1.746
28.652  1.843
29.028  1.94
29.404  2.037
29.78   2.134
30.156  2.231
30.532  2.3280000000000003
30.908  2.4250000000000003
31.284  2.5220000000000002
31.6599999999999972.619
32.036  2.716
32.412  2.813
32.788  2.91
33.164  3.007
33.54   3.104
33.916  3.201
34.292  3.298
34.668  3.395
35.044  3.492
35.42   3.589
35.796  3.686
36.172  3.783
36.548  3.88
36.924  3.9770000000000003
37.3    4.074
37.676  4.171
38.052  4.268
38.428  4.365
38.804  4.462
39.18   4.559
39.556  4.656000000000001
39.932  4.753
40.308  4.8500000000000005
40.684  4.947
41.06   5.0440000000000005
41.436  5.141
41.812  5.238
42.188  5.335
25.5509999999999950.97
25.9269999999999961.067
26.3029999999999971.1640000000000001
26.6789999999999951.2610000000000001
27.0549999999999961.358
27.4309999999999971.455
27.8069999999999951.552
28.1829999999999961.649
28.5589999999999971.746
28.9349999999999951.843
29.3109999999999961.94
29.6869999999999982.037
30.0629999999999952.134
30.4389999999999972.231
30.8149999999999982.3280000000000003
31.1909999999999952.4250000000000003
31.5669999999999972.5220000000000002
31.9429999999999982.619
32.3189999999999962.716
32.694999999999992.813
33.071  2.91
33.4469999999999963.007
33.822999999999993.104
34.199  3.201
34.5749999999999963.298
34.950999999999993.395
35.327  3.492
35.7029999999999963.589
36.078999999999993.686
36.455  3.783
36.8309999999999963.88
37.2069999999999943.9770000000000003
37.583  4.074
37.9589999999999964.171
38.3349999999999944.268
38.711  4.365
39.0869999999999964.462
39.4629999999999944.559
39.839  4.656000000000001
40.2149999999999964.753
40.5909999999999944.8500000000000005
40.967  4.947
41.3429999999999965.0440000000000005
41.7189999999999945.141
42.095  5.238
42.471  5.335
42.8469999999999945.432
25.8339999999999960.97
26.2099999999999971.067
26.586  1.1640000000000001
26.9619999999999961.2610000000000001
27.3379999999999971.358
27.714  1.455
28.0899999999999961.552
28.4659999999999981.649
28.842  1.746
29.2179999999999961.843
29.5939999999999981.94
29.97   2.037
30.3459999999999972.134
30.7219999999999982.231
31.098  2.3280000000000003
31.4739999999999972.4250000000000003
31.8499999999999982.5220000000000002
32.226  2.619
32.602  2.716
32.9779999999999942.813
33.354  2.91
33.73   3.007
34.1059999999999953.104
34.482  3.201
34.858  3.298
35.2339999999999953.395
35.61   3.492
35.986  3.589
36.3619999999999953.686
36.738  3.783
37.114  3.88
37.4899999999999953.9770000000000003
37.866  4.074
38.242  4.171
38.6179999999999954.268
38.994  4.365
39.37   4.462
39.7459999999999954.559
40.122  4.656000000000001
40.498  4.753
40.8739999999999954.8500000000000005
41.25   4.947
41.626  5.0440000000000005
42.0019999999999955.141
42.378  5.238
42.754  5.335
43.1299999999999955.432
43.506  5.529
26.493  1.067
26.869  1.1640000000000001
27.2449999999999971.2610000000000001
27.621  1.358
27.997  1.455
28.3729999999999981.552
28.749  1.649
29.125  1.746
29.5009999999999981.843
29.877  1.94
30.253  2.037
30.6289999999999982.134
31.005  2.231
31.381  2.3280000000000003
31.7569999999999982.4250000000000003
32.1329999999999962.5220000000000002
32.509  2.619
32.885  2.716
33.2609999999999962.813
33.637  2.91
34.013  3.007
34.3889999999999963.104
34.765  3.201
35.141  3.298
35.5169999999999963.395
35.893  3.492
36.269  3.589
36.6449999999999963.686
37.021  3.783
37.397  3.88
37.7729999999999963.9770000000000003
38.149  4.074
38.525  4.171
38.9009999999999964.268
39.277  4.365
39.653  4.462
40.0289999999999964.559
40.405  4.656000000000001
40.781  4.753
41.157  4.8500000000000005
41.533  4.947
41.909  5.0440000000000005
42.285  5.141
42.661  5.238
43.037  5.335
43.413  5.432
43.789  5.529
26.7759999999999961.067
27.1519999999999971.1640000000000001
27.528  1.2610000000000001
27.9039999999999961.358
28.2799999999999981.455
28.656  1.552
29.0319999999999961.649
29.4079999999999981.746
29.784  1.843
30.1599999999999971.94
30.5359999999999982.037
30.912  2.134
31.2879999999999972.231
31.6639999999999982.3280000000000003
32.04   2.4250000000000003
32.416  2.5220000000000002
32.7919999999999942.619
33.168  2.716
33.544  2.813
33.9199999999999952.91
34.296  3.007
34.672  3.104
35.0479999999999953.201
35.424  3.298
35.8    3.395
36.1759999999999953.492
36.552  3.589
36.928  3.686
37.3039999999999953.783
37.679999999999993.88
38.056  3.9770000000000003
38.4319999999999954.074
38.807999999999994.171
39.184  4.268
39.56   4.365
39.935999999999994.462
40.312  4.559
40.688  4.656000000000001
41.063999999999994.753
41.44   4.8500000000000005
41.8159999999999954.947
42.191999999999995.0440000000000005
42.568  5.141
42.9439999999999965.238
43.319999999999995.335
43.696  5.432
44.0719999999999965.529
44.447999999999995.626
27.0589999999999971.067
27.435  1.1640000000000001
27.811  1.2610000000000001
28.1869999999999981.358
28.563  1.455
28.939  1.552
29.3149999999999981.649
29.691  1.746
30.067  1.843
30.4429999999999981.94
30.819  2.037
31.195  2.134
31.5709999999999982.231
31.947  2.3280000000000003
32.323  2.4250000000000003
32.699  2.5220000000000002
33.0749999999999962.619
33.451  2.716
33.827  2.813
34.2029999999999962.91
34.579  3.007
34.955  3.104
35.3309999999999963.201
35.707  3.298
36.083  3.395
36.4589999999999963.492
36.835  3.589
37.211  3.686
37.5869999999999963.783
37.9629999999999943.88
38.339  3.9770000000000003
38.7149999999999964.074
39.0909999999999944.171
39.467  4.268
39.843  4.365
40.2189999999999944.462
40.595  4.559
40.9710000000000044.656000000000001
41.3469999999999944.753
41.723  4.8500000000000005
42.099  4.947
42.4749999999999945.0440000000000005
42.851  5.141
43.227  5.238
43.6029999999999945.335
43.979  5.432
44.355  5.529
44.7309999999999955.626
45.107  5.723
27.342  1.067
27.718  1.1640000000000001
28.094  1.2610000000000001
28.47   1.358
28.846  1.455
29.222  1.552
29.598  1.649
29.974  1.746
30.35   1.843
30.726  1.94
31.102  2.037
31.478  2.134
31.854  2.231
32.2300000000000042.3280000000000003
32.606  2.4250000000000003
32.982  2.5220000000000002
33.358  2.619
33.734  2.716
34.11   2.813
34.486  2.91
34.862  3.007
35.238  3.104
35.614  3.201
35.99   3.298
36.366  3.395
36.742  3.492
37.118  3.589
37.494  3.686
37.87   3.783
38.2459999999999953.88
38.622  3.9770000000000003
38.998  4.074
39.3739999999999954.171
39.75   4.268
40.1260000000000054.365
40.5019999999999954.462
40.878  4.559
41.2540000000000054.656000000000001
41.6299999999999954.753
42.006  4.8500000000000005
42.382  4.947
42.7579999999999965.0440000000000005
43.134  5.141
43.51   5.238
43.8859999999999965.335
44.262  5.432
44.638  5.529
45.0139999999999965.626
45.39   5.723
45.766  5.82
28.0009999999999981.1640000000000001
28.3769999999999951.2610000000000001
28.7529999999999971.358
29.1289999999999981.455
29.5049999999999951.552
29.8809999999999971.649
30.2569999999999981.746
30.6329999999999961.843
31.0089999999999971.94
31.3849999999999982.037
31.7609999999999962.134
32.137  2.231
32.513  2.3280000000000003
32.8889999999999962.4250000000000003
33.265  2.5220000000000002
33.641  2.619
34.0169999999999962.716
34.393  2.813
34.769  2.91
35.1449999999999963.007
35.521  3.104
35.897  3.201
36.2729999999999963.298
36.649  3.395
37.025  3.492
37.4009999999999963.589
37.777  3.686
38.153  3.783
38.5289999999999963.88
38.905  3.9770000000000003
39.281  4.074
39.657  4.171
40.033  4.268
40.409  4.365
40.785  4.462
41.161  4.559
41.537  4.656000000000001
41.913  4.753
42.289  4.8500000000000005
42.664999999999994.947
43.041  5.0440000000000005
43.417  5.141
43.792999999999995.238
44.169  5.335
44.545  5.432
44.920999999999995.529
45.297  5.626
45.673  5.723
46.048999999999995.82
28.284  1.1640000000000001
28.6599999999999971.2610000000000001
29.0359999999999981.358
29.412  1.455
29.7879999999999971.552
30.1639999999999981.649
30.54   1.746
30.9159999999999971.843
31.2919999999999981.94
31.668  2.037
32.044  2.134
32.42   2.231
32.796  2.3280000000000003
33.172  2.4250000000000003
33.548  2.5220000000000002
33.924  2.619
34.3    2.716
34.676  2.813
35.052  2.91
35.428  3.007
35.804  3.104
36.18   3.201
36.556  3.298
36.932  3.395
37.308  3.492
37.684  3.589
38.06   3.686
38.436  3.783
38.812  3.88
39.188  3.9770000000000003
39.564  4.074
39.94   4.171
40.316  4.268
40.692  4.365
41.068  4.462
41.444  4.559
41.82   4.656000000000001
42.196  4.753
42.572  4.8500000000000005
42.947999999999994.947
43.324  5.0440000000000005
43.7    5.141
44.075999999999995.238
44.452  5.335
44.828  5.432
45.203999999999995.529
45.58   5.626
45.956  5.723
46.3319999999999945.82
46.708  5.917
28.5669999999999971.1640000000000001
28.9429999999999981.2610000000000001
29.3189999999999961.358
29.6949999999999971.455
30.0709999999999981.552
30.4469999999999961.649
30.8229999999999971.746
31.1989999999999981.843
31.5749999999999961.94
31.9509999999999972.037
32.327  2.134
32.7029999999999962.231
33.078999999999992.3280000000000003
33.455  2.4250000000000003
33.8309999999999962.5220000000000002
34.2069999999999942.619
34.583  2.716
34.9589999999999962.813
35.3349999999999942.91
35.711  3.007
36.0869999999999963.104
36.4629999999999943.201
36.839  3.298
37.2149999999999963.395
37.5909999999999943.492
37.967  3.589
38.3429999999999963.686
38.7189999999999943.783
39.095  3.88
39.471  3.9770000000000003
39.8469999999999944.074
40.223  4.171
40.599  4.268
40.9749999999999944.365
41.351  4.462
41.727  4.559
42.1029999999999944.656000000000001
42.479  4.753
42.855  4.8500000000000005
43.2309999999999954.947
43.607  5.0440000000000005
43.983  5.141
44.3589999999999955.238
44.735  5.335
45.111  5.432
45.4869999999999955.529
45.863  5.626
46.239  5.723
46.6149999999999955.82
46.991  5.917
47.367  6.014
28.8499999999999981.1640000000000001
29.226  1.2610000000000001
29.6019999999999971.358
29.9779999999999981.455
30.354  1.552
30.7299999999999971.649
31.1059999999999981.746
31.482  1.843
31.8579999999999971.94
32.2339999999999952.037
32.61   2.134
32.986  2.231
33.3619999999999952.3280000000000003
33.738  2.4250000000000003
34.114  2.5220000000000002
34.4899999999999952.619
34.866  2.716
35.242  2.813
35.6179999999999952.91
35.994  3.007
36.37   3.104
36.7459999999999953.201
37.122  3.298
37.498  3.395
37.8739999999999953.492
38.25   3.589
38.626  3.686
39.0019999999999953.783
39.378  3.88
39.754  3.9770000000000003
40.1299999999999954.074
40.506  4.171
40.882  4.268
41.2579999999999964.365
41.634  4.462
42.01   4.559
42.3859999999999964.656000000000001
42.762  4.753
43.138  4.8500000000000005
43.5139999999999964.947
43.89   5.0440000000000005
44.266  5.141
44.6419999999999965.238
45.018  5.335
45.394  5.432
45.7699999999999965.529
46.146  5.626
46.522  5.723
46.8979999999999965.82
47.274  5.917
47.65   6.014
48.0259999999999966.111
29.509  1.2610000000000001
29.8849999999999981.358
30.261  1.455
30.637  1.552
31.0129999999999981.649
31.389  1.746
31.765  1.843
32.141  1.94
32.5169999999999962.037
32.893  2.134
33.269  2.231
33.6449999999999962.3280000000000003
34.021  2.4250000000000003
34.397  2.5220000000000002
34.7729999999999962.619
35.149  2.716
35.525  2.813
35.9009999999999962.91
36.277  3.007
36.653  3.104
37.0289999999999963.201
37.405  3.298
37.781  3.395
38.157  3.492
38.533  3.589
38.909  3.686
39.285  3.783
39.661  3.88
40.037  3.9770000000000003
40.413  4.074
40.789  4.171
41.165  4.268
41.541  4.365
41.917  4.462
42.293  4.559
42.669  4.656000000000001
43.045  4.753
43.421  4.8500000000000005
43.797  4.947
44.173  5.0440000000000005
44.549  5.141
44.925  5.238
45.301  5.335
45.677  5.432
46.053  5.529
46.429  5.626
46.805  5.723
47.181  5.82
47.557  5.917
47.933  6.014
48.309  6.111
29.7919999999999941.2610000000000001
30.1679999999999961.358
30.5439999999999971.455
30.9199999999999951.552
31.2959999999999961.649
31.6719999999999971.746
32.0479999999999951.843
32.423999999999991.94
32.8    2.037
33.1759999999999952.134
33.551999999999992.231
33.928  2.3280000000000003
34.3039999999999952.4250000000000003
34.679999999999992.5220000000000002
35.056  2.619
35.4319999999999952.716
35.807999999999992.813
36.184  2.91
36.5599999999999953.007
36.935999999999993.104
37.312  3.201
37.6879999999999953.298
38.063999999999993.395
38.44   3.492
38.8159999999999953.589
39.191999999999993.686
39.568  3.783
39.9439999999999963.88
40.319999999999993.9770000000000003
40.696  4.074
41.0719999999999964.171
41.447999999999994.268
41.824  4.365
42.1999999999999964.462
42.575999999999994.559
42.952  4.656000000000001
43.3279999999999964.753
43.703999999999994.8500000000000005
44.08   4.947
44.4559999999999965.0440000000000005
44.8319999999999945.141
45.208  5.238
45.5839999999999965.335
45.9599999999999945.432
46.336  5.529
46.7119999999999965.626
47.0879999999999945.723
47.464  5.82
47.8399999999999965.917
48.2159999999999946.014
48.592  6.111
48.9679999999999966.208
30.0749999999999961.2610000000000001
30.4509999999999971.358
30.8269999999999981.455
31.2029999999999961.552
31.5789999999999971.649
31.955  1.746
32.3309999999999961.843
32.7069999999999941.94
33.083  2.037
33.4589999999999962.134
33.8349999999999942.231
34.211  2.3280000000000003
34.5869999999999962.4250000000000003
34.9629999999999942.5220000000000002
35.339  2.619
35.7149999999999962.716
36.0909999999999942.813
36.467  2.91
36.8429999999999963.007
37.2189999999999943.104
37.595  3.201
37.971  3.298
38.3469999999999943.395
38.723  3.492
39.099  3.589
39.4749999999999943.686
39.851  3.783
40.227  3.88
40.6029999999999943.9770000000000003
40.979  4.074
41.355  4.171
41.7309999999999954.268
42.107  4.365
42.483  4.462
42.8589999999999954.559
43.235  4.656000000000001
43.611  4.753
43.9869999999999954.8500000000000005
44.363  4.947
44.739  5.0440000000000005
45.1149999999999955.141
45.491  5.238
45.867  5.335
46.2429999999999955.432
46.619  5.529
46.995  5.626
47.3709999999999955.723
47.747  5.82
48.123  5.917
48.4989999999999956.014
48.875  6.111
49.251  6.208
49.6269999999999956.305000000000001
30.7339999999999981.358
31.11   1.455
31.4859999999999971.552
31.862  1.649
32.238  1.746
32.614  1.843
32.9899999999999951.94
33.366  2.037
33.742  2.134
34.1179999999999952.231
34.494  2.3280000000000003
34.87   2.4250000000000003
35.2459999999999952.5220000000000002
35.622  2.619
35.998  2.716
36.3739999999999952.813
36.75   2.91
37.126  3.007
37.5019999999999953.104
37.878  3.201
38.254  3.298
38.6299999999999953.395
39.006  3.492
39.382  3.589
39.7579999999999963.686
40.134  3.783
40.51   3.88
40.8859999999999963.9770000000000003
41.262  4.074
41.638  4.171
42.0139999999999964.268
42.39   4.365
42.766  4.462
43.1419999999999964.559
43.518  4.656000000000001
43.894  4.753
44.2699999999999964.8500000000000005
44.646  4.947
45.022  5.0440000000000005
45.3979999999999965.141
45.774  5.238
46.15   5.335
46.5259999999999965.432
46.902  5.529
47.278  5.626
47.6539999999999965.723
48.03   5.82
48.406  5.917
48.782  6.014
49.158  6.111
49.534  6.208
49.91   6.305000000000001
50.286  6.402
31.0169999999999961.358
31.3929999999999971.455
31.769  1.552
32.1449999999999961.649
32.5209999999999941.746
32.897  1.843
33.2729999999999961.94
33.6489999999999942.037
34.025  2.134
34.4009999999999962.231
34.777  2.3280000000000003
35.153  2.4250000000000003
35.5289999999999962.5220000000000002
35.9049999999999942.619
36.281  2.716
36.657  2.813
37.0329999999999942.91
37.409  3.007
37.785  3.104
38.1609999999999943.201
38.537  3.298
38.913  3.395
39.2889999999999943.492
39.665  3.589
40.041  3.686
40.4169999999999943.783
40.792999999999993.88
41.169  3.9770000000000003
41.5449999999999954.074
41.920999999999994.171
42.297  4.268
42.673  4.365
43.048999999999994.462
43.425  4.559
43.801  4.656000000000001
44.176999999999994.753
44.553  4.8500000000000005
44.9289999999999954.947
45.304999999999995.0440000000000005
45.681  5.141
46.0569999999999955.238
46.432999999999995.335
46.809  5.432
47.1849999999999955.529
47.560999999999995.626
47.937  5.723
48.3129999999999955.82
48.688999999999995.917
49.065  6.014
49.4409999999999956.111
49.816999999999996.208
50.193  6.305000000000001
50.5689999999999966.402
50.944999999999996.4990000000000006
31.2999999999999971.358
31.676  1.455
32.052  1.552
32.428  1.649
32.8039999999999951.746
33.18   1.843
33.556  1.94
33.9319999999999952.037
34.308  2.134
34.684  2.231
35.06   2.3280000000000003
35.436  2.4250000000000003
35.812  2.5220000000000002
36.1879999999999952.619
36.564  2.716
36.94   2.813
37.3159999999999952.91
37.692  3.007
38.068  3.104
38.4439999999999963.201
38.82   3.298
39.196  3.395
39.5719999999999963.492
39.948  3.589
40.324  3.686
40.6999999999999963.783
41.075999999999993.88
41.452  3.9770000000000003
41.8279999999999964.074
42.203999999999994.171
42.58   4.268
42.956  4.365
43.3319999999999944.462
43.708  4.559
44.084  4.656000000000001
44.4599999999999944.753
44.836  4.8500000000000005
45.2119999999999964.947
45.5879999999999945.0440000000000005
45.964  5.141
46.3399999999999965.238
46.7159999999999945.335
47.092  5.432
47.4679999999999965.529
47.8439999999999945.626
48.22   5.723
48.596  5.82
48.9719999999999945.917
49.348  6.014
49.724  6.111
50.0999999999999946.208
50.476  6.305000000000001
50.852  6.402
51.2279999999999946.4990000000000006
31.583  1.358
31.959  1.455
32.335  1.552
32.711  1.649
33.0869999999999961.746
33.463  1.843
33.839  1.94
34.2149999999999962.037
34.591  2.134
34.967  2.231
35.343  2.3280000000000003
35.719  2.4250000000000003
36.095  2.5220000000000002
36.471  2.619
36.847  2.716
37.223  2.813
37.599  2.91
37.975  3.007
38.351  3.104
38.727  3.201
39.103  3.298
39.479  3.395
39.855  3.492
40.231  3.589
40.607  3.686
40.983  3.783
41.3589999999999953.88
41.735  3.9770000000000003
42.111  4.074
42.4869999999999954.171
42.863  4.268
43.2390000000000044.365
43.6149999999999954.462
43.991  4.559
44.3670000000000044.656000000000001
44.7429999999999954.753
45.119  4.8500000000000005
45.495  4.947
45.8709999999999955.0440000000000005
46.247  5.141
46.623  5.238
46.9989999999999955.335
47.375  5.432
47.751  5.529
48.1269999999999955.626
48.503  5.723
48.879  5.82
49.2549999999999955.917
49.631  6.014
50.007  6.111
50.3829999999999966.208
50.759  6.305000000000001
51.135  6.402
51.5109999999999966.4990000000000006
51.887  6.596
32.242  1.455
32.6179999999999951.552
32.994  1.649
33.37   1.746
33.7459999999999951.843
34.122  1.94
34.498  2.037
34.8739999999999952.134
35.25   2.231
35.626  2.3280000000000003
36.0019999999999952.4250000000000003
36.378  2.5220000000000002
36.754  2.619
37.1299999999999952.716
37.506  2.813
37.882  2.91
38.2579999999999963.007
38.634  3.104
39.01   3.201
39.3859999999999963.298
39.762  3.395
40.138  3.492
40.5139999999999963.589
40.89   3.686
41.266  3.783
41.6419999999999963.88
42.018  3.9770000000000003
42.394  4.074
42.7699999999999964.171
43.146  4.268
43.522  4.365
43.8979999999999964.462
44.274  4.559
44.65   4.656000000000001
45.0259999999999964.753
45.402  4.8500000000000005
45.777999999999994.947
46.1539999999999965.0440000000000005
46.53   5.141
46.905999999999995.238
47.282  5.335
47.658  5.432
48.033999999999995.529
48.41   5.626
48.786  5.723
49.161999999999995.82
49.538  5.917
49.914  6.014
50.289999999999996.111
50.666  6.208
51.042  6.305000000000001
51.417999999999996.402
51.794  6.4990000000000006
52.17   6.596
52.545999999999996.6930000000000005
32.525  1.455
32.9009999999999961.552
33.277  1.649
33.653  1.746
34.0289999999999961.843
34.405  1.94
34.781  2.037
35.157  2.134
35.533  2.231
35.909  2.3280000000000003
36.285  2.4250000000000003
36.661  2.5220000000000002
37.037  2.619
37.413  2.716
37.789  2.813
38.165  2.91
38.541  3.007
38.917  3.104
39.293  3.201
39.669  3.298
40.045  3.395
40.421  3.492
40.797  3.589
41.173  3.686
41.549  3.783
41.925  3.88
42.301  3.9770000000000003
42.677  4.074
43.053  4.171
43.429  4.268
43.805  4.365
44.181  4.462
44.557  4.559
44.933  4.656000000000001
45.309  4.753
45.685  4.8500000000000005
46.060999999999994.947
46.437  5.0440000000000005
46.813  5.141
47.188999999999995.238
47.565  5.335
47.941  5.432
48.316999999999995.529
48.693  5.626
49.069  5.723
49.444999999999995.82
49.821  5.917
50.197  6.014
50.572999999999996.111
50.949  6.208
51.325  6.305000000000001
51.700999999999996.402
52.077  6.4990000000000006
52.453  6.596
52.828999999999996.6930000000000005
53.205  6.79
32.808  1.455
33.184  1.552
33.56   1.649
33.936  1.746
34.312  1.843
34.688  1.94
35.064  2.037
35.44   2.134
35.816  2.231
36.192  2.3280000000000003
36.568  2.4250000000000003
36.944  2.5220000000000002
37.32   2.619
37.696  2.716
38.072  2.813
38.448  2.91
38.824  3.007
39.2    3.104
39.576  3.201
39.952  3.298
40.328  3.395
40.704  3.492
41.08   3.589
41.456  3.686
41.832  3.783
42.208  3.88
42.584  3.9770000000000003
42.96   4.074
43.336  4.171
43.712  4.268
44.088  4.365
44.464  4.462
44.84   4.559
45.216  4.656000000000001
45.592  4.753
45.968  4.8500000000000005
46.3439999999999944.947
46.72   5.0440000000000005
47.0960000000000045.141
47.4719999999999945.238
47.848  5.335
48.2240000000000045.432
48.5999999999999945.529
48.976  5.626
49.3520000000000045.723
49.7279999999999945.82
50.104  5.917
50.4800000000000046.014
50.8559999999999956.111
51.232  6.208
51.6080000000000046.305000000000001
51.9839999999999956.402
52.36   6.4990000000000006
52.7360000000000046.596
53.1119999999999956.6930000000000005
53.488  6.79
33.467  1.552
33.8429999999999961.649
34.2189999999999941.746
34.595  1.843
34.971  1.94
35.3469999999999942.037
35.723  2.134
36.099  2.231
36.4749999999999942.3280000000000003
36.851  2.4250000000000003
37.227  2.5220000000000002
37.6029999999999942.619
37.979  2.716
38.355  2.813
38.7309999999999952.91
39.107  3.007
39.483  3.104
39.8589999999999953.201
40.235  3.298
40.611  3.395
40.9869999999999953.492
41.363  3.589
41.739  3.686
42.1149999999999953.783
42.491  3.88
42.867  3.9770000000000003
43.2429999999999954.074
43.619  4.171
43.995  4.268
44.3709999999999954.365
44.747  4.462
45.123  4.559
45.4989999999999954.656000000000001
45.875  4.753
46.251  4.8500000000000005
46.6269999999999954.947
47.003  5.0440000000000005
47.379  5.141
47.7549999999999955.238
48.131  5.335
48.507  5.432
48.8829999999999965.529
49.259  5.626
49.635  5.723
50.0109999999999965.82
50.387  5.917
50.763  6.014
51.1389999999999966.111
51.515  6.208
51.891  6.305000000000001
52.2669999999999966.402
52.643  6.4990000000000006
53.019  6.596
53.3949999999999966.6930000000000005
53.771  6.79
54.147  6.8870000000000005
33.75   1.552
34.126  1.649
34.5019999999999951.746
34.878  1.843
35.254  1.94
35.6299999999999952.037
36.006  2.134
36.382  2.231
36.7579999999999962.3280000000000003
37.134  2.4250000000000003
37.51   2.5220000000000002
37.8859999999999962.619
38.262  2.716
38.638  2.813
39.0139999999999962.91
39.39   3.007
39.766  3.104
40.1419999999999963.201
40.518  3.298
40.894  3.395
41.2699999999999963.492
41.646  3.589
42.022  3.686
42.3979999999999963.783
42.774  3.88
43.15   3.9770000000000003
43.5259999999999964.074
43.902  4.171
44.278  4.268
44.6539999999999964.365
45.03   4.462
45.406  4.559
45.782  4.656000000000001
46.158  4.753
46.534  4.8500000000000005
46.91   4.947
47.286  5.0440000000000005
47.662  5.141
48.038  5.238
48.414  5.335
48.79   5.432
49.166  5.529
49.542  5.626
49.918  5.723
50.294  5.82
50.67   5.917
51.046  6.014
51.422  6.111
51.798  6.208
52.174  6.305000000000001
52.55   6.402
52.926  6.4990000000000006
53.302  6.596
53.678  6.6930000000000005
54.054  6.79
54.43   6.8870000000000005
54.806  6.984
34.0329999999999941.552
34.409  1.649
34.785  1.746
35.1609999999999941.843
35.536999999999991.94
35.913  2.037
36.2889999999999942.134
36.664999999999992.231
37.041  2.3280000000000003
37.4169999999999942.4250000000000003
37.792999999999992.5220000000000002
38.169  2.619
38.5449999999999952.716
38.920999999999992.813
39.297  2.91
39.6729999999999953.007
40.048999999999993.104
40.425  3.201
40.8009999999999953.298
41.176999999999993.395
41.553  3.492
41.9289999999999953.589
42.304999999999993.686
42.681  3.783
43.0569999999999953.88
43.432999999999993.9770000000000003
43.809  4.074
44.1849999999999954.171
44.560999999999994.268
44.937  4.365
45.3129999999999954.462
45.688999999999994.559
46.065  4.656000000000001
46.4409999999999954.753
46.816999999999994.8500000000000005
47.193  4.947
47.5689999999999965.0440000000000005
47.944999999999995.141
48.321  5.238
48.6969999999999965.335
49.072999999999995.432
49.449  5.529
49.8249999999999965.626
50.200999999999995.723
50.577  5.82
50.9529999999999965.917
51.328999999999996.014
51.705  6.111
52.0809999999999966.208
52.4569999999999946.305000000000001
52.833  6.402
53.2089999999999966.4990000000000006
53.5849999999999946.596
53.961  6.6930000000000005
54.3369999999999966.79
54.7129999999999946.8870000000000005
55.089  6.984
55.4649999999999967.081
34.3159999999999951.552
34.692  1.649
35.068  1.746
35.4439999999999961.843
35.819999999999991.94
36.196  2.037
36.5719999999999962.134
36.947999999999992.231
37.324  2.3280000000000003
37.6999999999999962.4250000000000003
38.075999999999992.5220000000000002
38.452  2.619
38.8279999999999962.716
39.203999999999992.813
39.58   2.91
39.9559999999999963.007
40.3319999999999943.104
40.708  3.201
41.0839999999999963.298
41.4599999999999943.395
41.836  3.492
42.2119999999999963.589
42.5879999999999943.686
42.964  3.783
43.3399999999999963.88
43.7159999999999943.9770000000000003
44.092  4.074
44.4679999999999964.171
44.8439999999999944.268
45.22   4.365
45.596  4.462
45.9719999999999944.559
46.348  4.656000000000001
46.724  4.753
47.0999999999999944.8500000000000005
47.476  4.947
47.852  5.0440000000000005
48.2279999999999945.141
48.604  5.238
48.98   5.335
49.3559999999999955.432
49.732  5.529
50.108  5.626
50.4839999999999955.723
50.86   5.82
51.236  5.917
51.6119999999999956.014
51.988  6.111
52.364  6.208
52.7399999999999956.305000000000001
53.116  6.402
53.492  6.4990000000000006
53.8679999999999956.596
54.244  6.6930000000000005
54.62   6.79
54.9959999999999956.8870000000000005
55.372  6.984
55.748  7.081
34.975  1.649
35.351  1.746
35.727  1.843
36.1029999999999941.94
36.479  2.037
36.855  2.134
37.2309999999999952.231
37.607  2.3280000000000003
37.983  2.4250000000000003
38.3589999999999952.5220000000000002
38.735  2.619
39.111  2.716
39.4869999999999952.813
39.863  2.91
40.239  3.007
40.6149999999999953.104
40.991  3.201
41.367  3.298
41.7429999999999953.395
42.119  3.492
42.495  3.589
42.8709999999999953.686
43.247  3.783
43.623  3.88
43.9989999999999953.9770000000000003
44.375  4.074
44.751  4.171
45.1269999999999954.268
45.503  4.365
45.879  4.462
46.2549999999999954.559
46.631  4.656000000000001
47.007  4.753
47.3829999999999964.8500000000000005
47.759  4.947
48.135  5.0440000000000005
48.5109999999999965.141
48.887  5.238
49.263  5.335
49.6389999999999965.432
50.015  5.529
50.391  5.626
50.7669999999999965.723
51.143  5.82
51.519  5.917
51.8949999999999966.014
52.271  6.111
52.647  6.208
53.0229999999999966.305000000000001
53.399  6.402
53.775  6.4990000000000006
54.1509999999999966.596
54.527  6.6930000000000005
54.903  6.79
55.2789999999999966.8870000000000005
55.655  6.984
56.031  7.081
56.407  7.178
35.2579999999999961.649
35.633999999999991.746
36.01   1.843
36.3859999999999961.94
36.761999999999992.037
37.138  2.134
37.5139999999999962.231
37.89   2.3280000000000003
38.266  2.4250000000000003
38.6419999999999962.5220000000000002
39.0179999999999942.619
39.394  2.716
39.7699999999999962.813
40.1459999999999942.91
40.522  3.007
40.8979999999999963.104
41.2739999999999943.201
41.65   3.298
42.0259999999999963.395
42.4019999999999943.492
42.778  3.589
43.1539999999999963.686
43.5299999999999943.783
43.905999999999993.88
44.282  3.9770000000000003
44.6579999999999944.074
45.033999999999994.171
45.41   4.268
45.786  4.365
46.161999999999994.462
46.538  4.559
46.914  4.656000000000001
47.289999999999994.753
47.666  4.8500000000000005
48.0419999999999944.947
48.417999999999995.0440000000000005
48.794  5.141
49.1699999999999955.238
49.545999999999995.335
49.922  5.432
50.2979999999999955.529
50.673999999999995.626
51.05   5.723
51.4259999999999955.82
51.801999999999995.917
52.178  6.014
52.5539999999999956.111
52.929999999999996.208
53.306  6.305000000000001
53.6819999999999956.402
54.057999999999996.4990000000000006
54.434  6.596
54.8099999999999956.6930000000000005
55.185999999999996.79
55.562  6.8870000000000005
55.9379999999999956.984
56.313999999999997.081
56.69   7.178
57.0659999999999957.275
35.541  1.649
35.9169999999999941.746
36.293  1.843
36.669  1.94
37.0449999999999952.037
37.421  2.134
37.797  2.231
38.173  2.3280000000000003
38.549  2.4250000000000003
38.925  2.5220000000000002
39.3009999999999952.619
39.677  2.716
40.053  2.813
40.4289999999999952.91
40.805  3.007
41.181  3.104
41.5569999999999953.201
41.933  3.298
42.309  3.395
42.6849999999999953.492
43.061  3.589
43.437  3.686
43.8129999999999953.783
44.188999999999993.88
44.565  3.9770000000000003
44.9409999999999954.074
45.316999999999994.171
45.693  4.268
46.069  4.365
46.444999999999994.462
46.821  4.559
47.197  4.656000000000001
47.572999999999994.753
47.949  4.8500000000000005
48.3249999999999964.947
48.700999999999995.0440000000000005
49.077  5.141
49.4529999999999965.238
49.828999999999995.335
50.205  5.432
50.5809999999999965.529
50.9569999999999945.626
51.333  5.723
51.7089999999999965.82
52.0849999999999945.917
52.461  6.014
52.8369999999999966.111
53.2129999999999946.208
53.589  6.305000000000001
53.9649999999999966.402
54.3409999999999946.4990000000000006
54.717  6.596
55.0929999999999966.6930000000000005
55.4689999999999946.79
55.845  6.8870000000000005
56.221  6.984
56.5969999999999947.081
56.973  7.178
57.349  7.275
57.7249999999999947.372
36.1999999999999961.746
36.576  1.843
36.952  1.94
37.3279999999999962.037
37.704  2.134
38.08   2.231
38.456  2.3280000000000003
38.832  2.4250000000000003
39.208  2.5220000000000002
39.5839999999999962.619
39.96   2.716
40.336  2.813
40.7119999999999962.91
41.088  3.007
41.464  3.104
41.8399999999999963.201
42.216  3.298
42.592  3.395
42.9679999999999963.492
43.344  3.589
43.72   3.686
44.096  3.783
44.4719999999999943.88
44.848  3.9770000000000003
45.224  4.074
45.5999999999999944.171
45.976  4.268
46.3520000000000044.365
46.7279999999999944.462
47.104  4.559
47.4800000000000044.656000000000001
47.8559999999999954.753
48.232  4.8500000000000005
48.608  4.947
48.9839999999999955.0440000000000005
49.36   5.141
49.736  5.238
50.1119999999999955.335
50.488  5.432
50.864  5.529
51.2399999999999955.626
51.616  5.723
51.992  5.82
52.3679999999999955.917
52.744  6.014
53.12   6.111
53.4959999999999956.208
53.872  6.305000000000001
54.248  6.402
54.6239999999999956.4990000000000006
55.0    6.596
55.376  6.6930000000000005
55.7519999999999956.79
56.128  6.8870000000000005
56.504  6.984
56.8799999999999957.081
57.256  7.178
57.632  7.275
58.0079999999999967.372
58.384  7.469
36.483  1.746
36.8589999999999951.843
37.235  1.94
37.611  2.037
37.9869999999999952.134
38.363  2.231
38.739  2.3280000000000003
39.1149999999999952.4250000000000003
39.491  2.5220000000000002
39.867  2.619
40.2429999999999952.716
40.619  2.813
40.995  2.91
41.3709999999999953.007
41.747  3.104
42.123  3.201
42.4989999999999953.298
42.875  3.395
43.251  3.492
43.6269999999999953.589
44.003  3.686
44.379  3.783
44.7549999999999953.88
45.131  3.9770000000000003
45.507  4.074
45.8829999999999964.171
46.259  4.268
46.635  4.365
47.0109999999999964.462
47.387  4.559
47.763  4.656000000000001
48.1389999999999964.753
48.515  4.8500000000000005
48.890999999999994.947
49.2669999999999965.0440000000000005
49.643  5.141
50.018999999999995.238
50.3949999999999965.335
50.771  5.432
51.146999999999995.529
51.5229999999999965.626
51.899  5.723
52.274999999999995.82
52.6509999999999965.917
53.027  6.014
53.402999999999996.111
53.7789999999999966.208
54.155  6.305000000000001
54.530999999999996.402
54.907  6.4990000000000006
55.283  6.596
55.658999999999996.6930000000000005
56.035  6.79
56.411  6.8870000000000005
56.786999999999996.984
57.163  7.081
57.539  7.178
57.914999999999997.275
58.291  7.372
58.667  7.469
36.766  1.746
37.1419999999999961.843
37.518  1.94
37.894  2.037
38.2699999999999962.134
38.646  2.231
39.022  2.3280000000000003
39.3979999999999962.4250000000000003
39.774  2.5220000000000002
40.15   2.619
40.5259999999999962.716
40.902  2.813
41.278  2.91
41.6539999999999963.007
42.03   3.104
42.406  3.201
42.782  3.298
43.158  3.395
43.534  3.492
43.91   3.589
44.286  3.686
44.662  3.783
45.038  3.88
45.414  3.9770000000000003
45.79   4.074
46.166  4.171
46.542  4.268
46.918  4.365
47.294  4.462
47.67   4.559
48.046  4.656000000000001
48.422  4.753
48.798  4.8500000000000005
49.173999999999994.947
49.55   5.0440000000000005
49.926  5.141
50.301999999999995.238
50.678  5.335
51.054  5.432
51.429999999999995.529
51.806  5.626
52.182  5.723
52.557999999999995.82
52.934  5.917
53.31   6.014
53.685999999999996.111
54.062  6.208
54.438  6.305000000000001
54.813999999999996.402
55.19   6.4990000000000006
55.566  6.596
55.941999999999996.6930000000000005
56.318  6.79
56.694  6.8870000000000005
57.069999999999996.984
57.446  7.081
57.822  7.178
58.197999999999997.275
58.574  7.372
37.425  1.843
37.801  1.94
38.177  2.037
38.553  2.134
38.929  2.231
39.305  2.3280000000000003
39.681  2.4250000000000003
40.057  2.5220000000000002
40.433  2.619
40.809  2.716
41.185  2.813
41.561  2.91
41.937  3.007
42.313  3.104
42.689  3.201
43.065  3.298
43.441  3.395
43.817  3.492
44.193  3.589
44.569  3.686
44.945  3.783
45.321  3.88
45.697  3.9770000000000003
46.073  4.074
46.449  4.171
46.825  4.268
47.201  4.365
47.577  4.462
47.953  4.559
48.329  4.656000000000001
48.705  4.753
49.081  4.8500000000000005
49.4569999999999944.947
49.833  5.0440000000000005
50.209  5.141
50.5849999999999945.238
50.961  5.335
51.337  5.432
51.7129999999999945.529
52.089  5.626
52.465  5.723
52.8409999999999945.82
53.217  5.917
53.593  6.014
53.9689999999999946.111
54.345  6.208
54.7210000000000046.305000000000001
55.0969999999999946.402
55.473  6.4990000000000006
55.8490000000000046.596
56.2249999999999946.6930000000000005
56.601  6.79
56.9770000000000046.8870000000000005
57.3529999999999946.984
57.729  7.081
58.1050000000000047.178
58.4809999999999957.275
58.857  7.372
37.708  1.843
38.0839999999999961.94
38.4599999999999942.037
38.836  2.134
39.2119999999999962.231
39.5879999999999942.3280000000000003
39.964  2.4250000000000003
40.3399999999999962.5220000000000002
40.7159999999999942.619
41.092  2.716
41.4679999999999962.813
41.8439999999999942.91
42.22   3.007
42.596  3.104
42.9719999999999943.201
43.348  3.298
43.724  3.395
44.0999999999999943.492
44.476  3.589
44.852  3.686
45.2279999999999943.783
45.604  3.88
45.98   3.9770000000000003
46.3559999999999954.074
46.732  4.171
47.108  4.268
47.4839999999999954.365
47.86   4.462
48.236  4.559
48.6119999999999954.656000000000001
48.988  4.753
49.364  4.8500000000000005
49.7399999999999954.947
50.116  5.0440000000000005
50.492  5.141
50.8679999999999955.238
51.244  5.335
51.62   5.432
51.9959999999999955.529
52.372  5.626
52.748  5.723
53.1239999999999955.82
53.5    5.917
53.876  6.014
54.2519999999999956.111
54.628  6.208
55.004  6.305000000000001
55.3799999999999956.402
55.756  6.4990000000000006
56.132  6.596
56.5079999999999966.6930000000000005
56.884  6.79
57.26   6.8870000000000005
57.6359999999999966.984
58.012  7.081
58.388  7.178
58.7639999999999967.275
37.991  1.843
38.367  1.94
38.7429999999999952.037
39.119  2.134
39.495  2.231
39.8709999999999952.3280000000000003
40.247  2.4250000000000003
40.623  2.5220000000000002
40.9989999999999952.619
41.375  2.716
41.751  2.813
42.1269999999999952.91
42.503  3.007
42.879  3.104
43.2549999999999953.201
43.631  3.298
44.007  3.395
44.3829999999999963.492
44.759  3.589
45.135  3.686
45.5109999999999963.783
45.887  3.88
46.263  3.9770000000000003
46.6389999999999964.074
47.015  4.171
47.391  4.268
47.7669999999999964.365
48.143  4.462
48.519  4.559
48.8949999999999964.656000000000001
49.271  4.753
49.647  4.8500000000000005
50.0229999999999964.947
50.399  5.0440000000000005
50.775  5.141
51.1509999999999965.238
51.527  5.335
51.903  5.432
52.2789999999999965.529
52.655  5.626
53.031  5.723
53.407  5.82
53.783  5.917
54.159  6.014
54.535  6.111
54.911  6.208
55.287  6.305000000000001
55.663  6.402
56.039  6.4990000000000006
56.415  6.596
56.791  6.6930000000000005
57.167  6.79
57.543  6.8870000000000005
57.919  6.984
58.295  7.081
58.671  7.178
38.649999999999991.94
39.0259999999999962.037
39.4019999999999942.134
39.777999999999992.231
40.1539999999999962.3280000000000003
40.5299999999999942.4250000000000003
40.905999999999992.5220000000000002
41.282  2.619
41.6579999999999942.716
42.033999999999992.813
42.41   2.91
42.7859999999999943.007
43.161999999999993.104
43.538  3.201
43.9139999999999943.298
44.289999999999993.395
44.666  3.492
45.0419999999999943.589
45.417999999999993.686
45.794  3.783
46.1699999999999953.88
46.545999999999993.9770000000000003
46.922  4.074
47.2979999999999954.171
47.673999999999994.268
48.05   4.365
48.4259999999999954.462
48.801999999999994.559
49.178  4.656000000000001
49.5539999999999954.753
49.929999999999994.8500000000000005
50.306  4.947
50.6819999999999955.0440000000000005
51.057999999999995.141
51.434  5.238
51.8099999999999955.335
52.185999999999995.432
52.562  5.529
52.9379999999999955.626
53.313999999999995.723
53.69   5.82
54.0659999999999955.917
54.441999999999996.014
54.818  6.111
55.1939999999999966.208
55.569999999999996.305000000000001
55.946  6.402
56.3219999999999966.4990000000000006
56.697999999999996.596
57.074  6.6930000000000005
57.4499999999999966.79
57.825999999999996.8870000000000005
58.202  6.984
58.5779999999999967.081
38.932999999999991.94
39.309  2.037
39.6849999999999952.134
40.060999999999992.231
40.437  2.3280000000000003
40.8129999999999952.4250000000000003
41.188999999999992.5220000000000002
41.565  2.619
41.9409999999999952.716
42.316999999999992.813
42.693  2.91
43.0689999999999963.007
43.444999999999993.104
43.821  3.201
44.1969999999999963.298
44.572999999999993.395
44.949  3.492
45.3249999999999963.589
45.700999999999993.686
46.077  3.783
46.4529999999999963.88
46.828999999999993.9770000000000003
47.205  4.074
47.5809999999999964.171
47.9569999999999944.268
48.333  4.365
48.7089999999999964.462
49.0849999999999944.559
49.461  4.656000000000001
49.8369999999999964.753
50.2129999999999944.8500000000000005
50.589  4.947
50.9649999999999965.0440000000000005
51.3409999999999945.141
51.717  5.238
52.0929999999999965.335
52.4689999999999945.432
52.845  5.529
53.221  5.626
53.5969999999999945.723
53.973  5.82
54.349  5.917
54.7249999999999946.014
55.101  6.111
55.477  6.208
55.8529999999999946.305000000000001
56.229  6.402
56.605  6.4990000000000006
56.9809999999999956.596
57.357  6.6930000000000005
57.733  6.79
58.1089999999999956.8870000000000005
58.485  6.984
39.2159999999999941.94
39.592  2.037
39.9679999999999962.134
40.3439999999999942.231
40.72   2.3280000000000003
41.096  2.4250000000000003
41.4719999999999942.5220000000000002
41.848  2.619
42.224  2.716
42.5999999999999942.813
42.976  2.91
43.352  3.007
43.7279999999999943.104
44.104  3.201
44.48   3.298
44.8559999999999953.395
45.232  3.492
45.608  3.589
45.9839999999999953.686
46.36   3.783
46.736  3.88
47.1119999999999953.9770000000000003
47.488  4.074
47.864  4.171
48.2399999999999954.268
48.616  4.365
48.992  4.462
49.3679999999999954.559
49.744  4.656000000000001
50.12   4.753
50.4959999999999954.8500000000000005
50.872  4.947
51.248  5.0440000000000005
51.6239999999999955.141
52.0    5.238
52.376  5.335
52.7519999999999955.432
53.128  5.529
53.504  5.626
53.8799999999999955.723
54.256  5.82
54.632  5.917
55.0079999999999966.014
55.384  6.111
55.76   6.208
56.1359999999999966.305000000000001
56.512  6.402
56.888  6.4990000000000006
57.2639999999999966.596
57.64   6.6930000000000005
58.016  6.79
58.3919999999999966.8870000000000005
39.874999999999992.037
40.251  2.134
40.6269999999999952.231
41.003  2.3280000000000003
41.379  2.4250000000000003
41.7549999999999952.5220000000000002
42.130999999999992.619
42.507  2.716
42.8829999999999962.813
43.258999999999992.91
43.635  3.007
44.0109999999999963.104
44.386999999999993.201
44.763  3.298
45.1389999999999963.395
45.514999999999993.492
45.891  3.589
46.2669999999999963.686
46.6429999999999943.783
47.018999999999993.88
47.3949999999999963.9770000000000003
47.7709999999999944.074
48.146999999999994.171
48.5229999999999964.268
48.899  4.365
49.274999999999994.462
49.6509999999999964.559
50.027  4.656000000000001
50.402999999999994.753
50.7789999999999964.8500000000000005
51.1549999999999944.947
51.530999999999995.0440000000000005
51.907  5.141
52.2829999999999945.238
52.658999999999995.335
53.035  5.432
53.4109999999999945.529
53.786999999999995.626
54.163  5.723
54.5389999999999945.82
54.914999999999995.917
55.291  6.014
55.6669999999999946.111
56.042999999999996.208
56.419  6.305000000000001
56.7949999999999956.402
57.170999999999996.4990000000000006
57.547  6.596
57.9229999999999956.6930000000000005
58.298999999999996.79
58.675  6.8870000000000005
40.158  2.037
40.534  2.134
40.91   2.231
41.286  2.3280000000000003
41.662  2.4250000000000003
42.038  2.5220000000000002
42.414  2.619
42.79   2.716
43.166  2.813
43.542  2.91
43.918  3.007
44.294  3.104
44.67   3.201
45.046  3.298
45.422  3.395
45.798  3.492
46.174  3.589
46.55   3.686
46.926  3.783
47.302  3.88
47.678  3.9770000000000003
48.054  4.074
48.43   4.171
48.806  4.268
49.182  4.365
49.558  4.462
49.934  4.559
50.31   4.656000000000001
50.686  4.753
51.062  4.8500000000000005
51.438  4.947
51.814  5.0440000000000005
52.19   5.141
52.566  5.238
52.942  5.335
53.318  5.432
53.694  5.529
54.07   5.626
54.446  5.723
54.822  5.82
55.198  5.917
55.574  6.014
55.95   6.111
56.326  6.208
56.702  6.305000000000001
57.078  6.402
57.454  6.4990000000000006
57.83   6.596
58.206  6.6930000000000005
58.582  6.79
40.4409999999999952.037
40.816999999999992.134
41.193  2.231
41.5689999999999962.3280000000000003
41.944999999999992.4250000000000003
42.321  2.5220000000000002
42.6969999999999962.619
43.072999999999992.716
43.449  2.813
43.8249999999999962.91
44.200999999999993.007
44.577  3.104
44.9529999999999963.201
45.328999999999993.298
45.705  3.395
46.0809999999999963.492
46.4569999999999943.589
46.833  3.686
47.2089999999999963.783
47.5849999999999943.88
47.961  3.9770000000000003
48.3369999999999964.074
48.7129999999999944.171
49.089  4.268
49.4649999999999964.365
49.8409999999999944.462
50.217  4.559
50.5929999999999964.656000000000001
50.9689999999999944.753
51.345  4.8500000000000005
51.720999999999994.947
52.0969999999999945.0440000000000005
52.473  5.141
52.848999999999995.238
53.2249999999999945.335
53.601  5.432
53.976999999999995.529
54.3529999999999945.626
54.729  5.723
55.104999999999995.82
55.4809999999999955.917
55.857  6.014
56.232999999999996.111
56.6089999999999956.208
56.985  6.305000000000001
57.360999999999996.402
57.7369999999999956.4990000000000006
58.113  6.596
58.488999999999996.6930000000000005
41.0999999999999942.134
41.476  2.231
41.852  2.3280000000000003
42.2279999999999942.4250000000000003
42.604  2.5220000000000002
42.98   2.619
43.3559999999999952.716
43.732  2.813
44.108  2.91
44.4839999999999953.007
44.86   3.104
45.236  3.201
45.6119999999999953.298
45.988  3.395
46.364  3.492
46.7399999999999953.589
47.116  3.686
47.492  3.783
47.8679999999999953.88
48.244  3.9770000000000003
48.62   4.074
48.9959999999999954.171
49.372  4.268
49.748  4.365
50.1239999999999954.462
50.5    4.559
50.876  4.656000000000001
51.2519999999999954.753
51.628  4.8500000000000005
52.003999999999994.947
52.3799999999999955.0440000000000005
52.756  5.141
53.131999999999995.238
53.5079999999999965.335
53.884  5.432
54.259999999999995.529
54.6359999999999965.626
55.012  5.723
55.387999999999995.82
55.7639999999999965.917
56.14   6.014
56.515999999999996.111
56.8919999999999966.208
57.268  6.305000000000001
57.643999999999996.402
58.0199999999999966.4990000000000006
58.396  6.596
41.3829999999999962.134
41.759  2.231
42.135  2.3280000000000003
42.5109999999999962.4250000000000003
42.887  2.5220000000000002
43.263  2.619
43.6389999999999962.716
44.015  2.813
44.391  2.91
44.7669999999999963.007
45.143  3.104
45.519  3.201
45.8949999999999963.298
46.271  3.395
46.647  3.492
47.0229999999999963.589
47.399  3.686
47.775  3.783
48.1509999999999963.88
48.527  3.9770000000000003
48.903  4.074
49.2789999999999964.171
49.655  4.268
50.031  4.365
50.407  4.462
50.783  4.559
51.159  4.656000000000001
51.535  4.753
51.911  4.8500000000000005
52.286999999999994.947
52.663  5.0440000000000005
53.039  5.141
53.414999999999995.238
53.791  5.335
54.167  5.432
54.542999999999995.529
54.919  5.626
55.295  5.723
55.670999999999995.82
56.047  5.917
56.423  6.014
56.798999999999996.111
57.175  6.208
57.551  6.305000000000001
57.926999999999996.402
58.303  6.4990000000000006
41.666  2.134
42.042  2.231
42.418  2.3280000000000003
42.794  2.4250000000000003
43.17   2.5220000000000002
43.546  2.619
43.922  2.716
44.298  2.813
44.674  2.91
45.05   3.007
45.426  3.104
45.802  3.201
46.178  3.298
46.554  3.395
46.93   3.492
47.306  3.589
47.682  3.686
48.058  3.783
48.434  3.88
48.81   3.9770000000000003
49.186  4.074
49.562  4.171
49.938  4.268
50.314  4.365
50.69   4.462
51.066  4.559
51.442  4.656000000000001
51.818  4.753
52.194  4.8500000000000005
52.569999999999994.947
52.946  5.0440000000000005
53.322  5.141
53.697999999999995.238
54.074  5.335
54.45   5.432
54.825999999999995.529
55.202  5.626
55.578  5.723
55.953999999999995.82
56.33   5.917
56.706  6.014
57.0819999999999946.111
57.458  6.208
57.834  6.305000000000001
58.2099999999999946.402
58.586  6.4990000000000006
42.325  2.231
42.701  2.3280000000000003
43.077  2.4250000000000003
43.453  2.5220000000000002
43.829  2.619
44.205  2.716
44.581  2.813
44.957  2.91
45.333  3.007
45.709  3.104
46.085  3.201
46.461  3.298
46.837  3.395
47.213  3.492
47.589  3.589
47.965  3.686
48.341  3.783
48.717  3.88
49.093  3.9770000000000003
49.469  4.074
49.845  4.171
50.2210000000000044.268
50.597  4.365
50.973  4.462
51.3490000000000044.559
51.725  4.656000000000001
52.101  4.753
52.4770000000000044.8500000000000005
52.8529999999999944.947
53.229  5.0440000000000005
53.6050000000000045.141
53.9809999999999955.238
54.357  5.335
54.7330000000000045.432
55.1089999999999955.529
55.485  5.626
55.8610000000000045.723
56.2369999999999955.82
56.613  5.917
56.9890000000000046.014
57.3649999999999956.111
57.741  6.208
58.1170000000000046.305000000000001
58.4929999999999956.402
42.607999999999992.231
42.9839999999999952.3280000000000003
43.359999999999992.4250000000000003
43.735999999999992.5220000000000002
44.1119999999999952.619
44.487999999999992.716
44.863999999999992.813
45.2399999999999952.91
45.615999999999993.007
45.991999999999993.104
46.3679999999999953.201
46.743999999999993.298
47.119999999999993.395
47.4959999999999953.492
47.871999999999993.589
48.247999999999993.686
48.6239999999999953.783
48.999999999999993.88
49.375999999999993.9770000000000003
49.7519999999999954.074
50.127999999999994.171
50.503999999999994.268
50.8799999999999954.365
51.255999999999994.462
51.631999999999994.559
52.0079999999999964.656000000000001
52.383999999999994.753
52.759999999999994.8500000000000005
53.1359999999999964.947
53.511999999999995.0440000000000005
53.887999999999995.141
54.2639999999999965.238
54.639999999999995.335
55.015999999999995.432
55.3919999999999965.529
55.7679999999999945.626
56.143999999999995.723
56.5199999999999965.82
56.8959999999999945.917
57.271999999999996.014
57.6479999999999966.111
58.0239999999999946.208
58.399999999999996.305000000000001
42.890999999999992.231
43.2669999999999962.3280000000000003
43.6429999999999942.4250000000000003
44.018999999999992.5220000000000002
44.3949999999999962.619
44.7709999999999942.716
45.146999999999992.813
45.5229999999999962.91
45.8989999999999943.007
46.274999999999993.104
46.6509999999999963.201
47.0269999999999943.298
47.402999999999993.395
47.7789999999999963.492
48.1549999999999943.589
48.530999999999993.686
48.907  3.783
49.2829999999999943.88
49.658999999999993.9770000000000003
50.035  4.074
50.4109999999999944.171
50.786999999999994.268
51.163  4.365
51.5389999999999944.462
51.914999999999994.559
52.291  4.656000000000001
52.6669999999999944.753
53.042999999999994.8500000000000005
53.419  4.947
53.7949999999999955.0440000000000005
54.170999999999995.141
54.547  5.238
54.9229999999999955.335
55.298999999999995.432
55.675  5.529
56.0509999999999955.626
56.426999999999995.723
56.803  5.82
57.1789999999999955.917
57.554999999999996.014
57.931  6.111
58.3069999999999956.208
43.55   2.3280000000000003
43.9259999999999952.4250000000000003
44.301999999999992.5220000000000002
44.678  2.619
45.0539999999999952.716
45.429999999999992.813
45.806  2.91
46.1819999999999953.007
46.557999999999993.104
46.934  3.201
47.3099999999999953.298
47.685999999999993.395
48.062  3.492
48.4379999999999953.589
48.813999999999993.686
49.19   3.783
49.5659999999999953.88
49.941999999999993.9770000000000003
50.318  4.074
50.6939999999999964.171
51.069999999999994.268
51.446  4.365
51.8219999999999964.462
52.197999999999994.559
52.574  4.656000000000001
52.9499999999999964.753
53.325999999999994.8500000000000005
53.702  4.947
54.0779999999999965.0440000000000005
54.453999999999995.141
54.83   5.238
55.2059999999999965.335
55.5819999999999945.432
55.958  5.529
56.3339999999999965.626
56.7099999999999945.723
57.086  5.82
57.4619999999999965.917
57.8379999999999946.014
58.214  6.111
43.833  2.3280000000000003
44.2089999999999962.4250000000000003
44.5849999999999942.5220000000000002
44.961  2.619
45.3369999999999962.716
45.7129999999999942.813
46.089  2.91
46.4649999999999963.007
46.8409999999999943.104
47.217  3.201
47.5929999999999963.298
47.9689999999999943.395
48.345  3.492
48.721  3.589
49.0969999999999943.686
49.473  3.783
49.849  3.88
50.2249999999999943.9770000000000003
50.601  4.074
50.977  4.171
51.3529999999999944.268
51.729  4.365
52.105  4.462
52.4809999999999954.559
52.857  4.656000000000001
53.233  4.753
53.6089999999999954.8500000000000005
53.985  4.947
54.361  5.0440000000000005
54.7369999999999955.141
55.113  5.238
55.489  5.335
55.8649999999999955.432
56.241  5.529
56.617  5.626
56.9929999999999955.723
57.369  5.82
57.745  5.917
58.1209999999999956.014
44.492  2.4250000000000003
44.8679999999999952.5220000000000002
45.244  2.619
45.62   2.716
45.9959999999999952.813
46.372  2.91
46.748  3.007
47.1239999999999953.104
47.5    3.201
47.876  3.298
48.2519999999999953.395
48.628  3.492
49.004  3.589
49.3799999999999953.686
49.756  3.783
50.132  3.88
50.5079999999999963.9770000000000003
50.884  4.074
51.26   4.171
51.6359999999999964.268
52.012  4.365
52.388  4.462
52.7639999999999964.559
53.14   4.656000000000001
53.516  4.753
53.8919999999999964.8500000000000005
54.268  4.947
54.644  5.0440000000000005
55.0199999999999965.141
55.396  5.238
55.772  5.335
56.1479999999999965.432
56.524  5.529
56.9    5.626
57.2759999999999965.723
57.652  5.82
58.028  5.917
58.4039999999999966.014
44.775  2.4250000000000003
45.1509999999999962.5220000000000002
45.527  2.619
45.903  2.716
46.2789999999999962.813
46.655  2.91
47.031  3.007
47.407  3.104
47.783  3.201
48.159  3.298
48.535  3.395
48.911  3.492
49.287  3.589
49.663  3.686
50.039  3.783
50.415  3.88
50.791  3.9770000000000003
51.167  4.074
51.543  4.171
51.919  4.268
52.295  4.365
52.671  4.462
53.047  4.559
53.423  4.656000000000001
53.799  4.753
54.175  4.8500000000000005
54.551  4.947
54.927  5.0440000000000005
55.303  5.141
55.679  5.238
56.055  5.335
56.431  5.432
56.807  5.529
57.183  5.626
57.559  5.723
57.935  5.82
58.311  5.917
45.057999999999992.4250000000000003
45.434  2.5220000000000002
45.8099999999999952.619
46.185999999999992.716
46.562  2.813
46.9379999999999952.91
47.313999999999993.007
47.69   3.104
48.0659999999999953.201
48.441999999999993.298
48.818  3.395
49.1939999999999963.492
49.569999999999993.589
49.946  3.686
50.3219999999999963.783
50.697999999999993.88
51.074  3.9770000000000003
51.4499999999999964.074
51.825999999999994.171
52.202  4.268
52.5779999999999964.365
52.953999999999994.462
53.33   4.559
53.7059999999999964.656000000000001
54.0819999999999944.753
54.458  4.8500000000000005
54.833999999999994.947
55.2099999999999945.0440000000000005
55.586  5.141
55.961999999999995.238
56.3379999999999945.335
56.714  5.432
57.089999999999995.529
57.4659999999999945.626
57.842  5.723
58.217999999999995.82
45.717  2.5220000000000002
46.0929999999999962.619
46.4689999999999942.716
46.845  2.813
47.221  2.91
47.5969999999999943.007
47.973  3.104
48.349  3.201
48.7249999999999943.298
49.101  3.395
49.477  3.492
49.8529999999999943.589
50.229  3.686
50.605  3.783
50.9809999999999953.88
51.357  3.9770000000000003
51.733  4.074
52.1089999999999954.171
52.485  4.268
52.861  4.365
53.2369999999999954.462
53.613  4.559
53.989  4.656000000000001
54.3649999999999954.753
54.741  4.8500000000000005
55.116999999999994.947
55.4929999999999955.0440000000000005
55.869  5.141
56.244999999999995.238
56.6209999999999955.335
56.997  5.432
57.372999999999995.529
57.7489999999999955.626
58.125  5.723
46.0    2.5220000000000002
46.376  2.619
46.7519999999999952.716
47.128  2.813
47.504  2.91
47.8799999999999953.007
48.256  3.104
48.632  3.201
49.0079999999999963.298
49.384  3.395
49.76   3.492
50.1359999999999963.589
50.512  3.686
50.888  3.783
51.2639999999999963.88
51.64   3.9770000000000003
52.016  4.074
52.3919999999999964.171
52.768  4.268
53.144  4.365
53.5199999999999964.462
53.896  4.559
54.272  4.656000000000001
54.6479999999999964.753
55.024  4.8500000000000005
55.399999999999994.947
55.7759999999999965.0440000000000005
56.152  5.141
56.527999999999995.238
56.9039999999999965.335
57.28   5.432
57.655999999999995.529
58.032  5.626
46.283  2.5220000000000002
46.659  2.619
47.035  2.716
47.411  2.813
47.787  2.91
48.163  3.007
48.539  3.104
48.915  3.201
49.291  3.298
49.667  3.395
50.043  3.492
50.419  3.589
50.795  3.686
51.171  3.783
51.547  3.88
51.923  3.9770000000000003
52.299  4.074
52.675  4.171
53.051  4.268
53.427  4.365
53.803  4.462
54.179  4.559
54.555  4.656000000000001
54.931  4.753
55.307  4.8500000000000005
55.682999999999994.947
56.059  5.0440000000000005
56.435  5.141
56.810999999999995.238
57.187  5.335
57.563  5.432
57.938999999999995.529
46.942  2.619
47.318  2.716
47.694  2.813
48.07   2.91
48.446  3.007
48.822  3.104
49.198  3.201
49.574  3.298
49.95   3.395
50.326  3.492
50.702  3.589
51.078  3.686
51.454  3.783
51.83   3.88
52.206  3.9770000000000003
52.582  4.074
52.958  4.171
53.334  4.268
53.71   4.365
54.086  4.462
54.462  4.559
54.838  4.656000000000001
55.214  4.753
55.59   4.8500000000000005
55.9659999999999944.947
56.342  5.0440000000000005
56.718  5.141
57.0939999999999945.238
57.47   5.335
57.8460000000000045.432
58.2219999999999945.529
47.2249999999999942.619
47.600999999999992.716
47.976999999999992.813
48.3529999999999942.91
48.728999999999993.007
49.104999999999993.104
49.4809999999999953.201
49.856999999999993.298
50.232999999999993.395
50.6089999999999953.492
50.984999999999993.589
51.360999999999993.686
51.7369999999999953.783
52.112999999999993.88
52.488999999999993.9770000000000003
52.8649999999999954.074
53.240999999999994.171
53.616999999999994.268
53.9929999999999954.365
54.368999999999994.462
54.744999999999994.559
55.1209999999999954.656000000000001
55.496999999999994.753
55.872999999999994.8500000000000005
56.2489999999999954.947
56.624999999999995.0440000000000005
57.000999999999995.141
57.3769999999999955.238
57.752999999999995.335
58.128999999999995.432
47.883999999999992.716
48.259999999999992.813
48.6359999999999962.91
49.011999999999993.007
49.387999999999993.104
49.7639999999999963.201
50.139999999999993.298
50.515999999999993.395
50.8919999999999963.492
51.2679999999999943.589
51.643999999999993.686
52.0199999999999963.783
52.3959999999999943.88
52.771999999999993.9770000000000003
53.1479999999999964.074
53.5239999999999944.171
53.899999999999994.268
54.2759999999999964.365
54.6519999999999944.462
55.027999999999994.559
55.4039999999999964.656000000000001
55.7799999999999944.753
56.155999999999994.8500000000000005
56.532  4.947
56.9079999999999945.0440000000000005
57.283999999999995.141
57.66   5.238
58.0359999999999945.335
48.1669999999999942.716
48.542999999999992.813
48.919  2.91
49.2949999999999953.007
49.670999999999993.104
50.047  3.201
50.4229999999999953.298
50.798999999999993.395
51.175  3.492
51.5509999999999953.589
51.926999999999993.686
52.303  3.783
52.6789999999999953.88
53.054999999999993.9770000000000003
53.431  4.074
53.8069999999999954.171
54.182999999999994.268
54.559  4.365
54.9349999999999954.462
55.310999999999994.559
55.687  4.656000000000001
56.0629999999999954.753
56.438999999999994.8500000000000005
56.815  4.947
57.1909999999999955.0440000000000005
57.566999999999995.141
57.943  5.238
48.4499999999999962.716
48.825999999999992.813
49.202  2.91
49.5779999999999963.007
49.953999999999993.104
50.33   3.201
50.7059999999999963.298
51.0819999999999943.395
51.458  3.492
51.8339999999999963.589
52.2099999999999943.686
52.586  3.783
52.9619999999999963.88
53.3379999999999943.9770000000000003
53.714  4.074
54.0899999999999964.171
54.4659999999999944.268
54.842  4.365
55.2179999999999964.462
55.5939999999999944.559
55.97   4.656000000000001
56.346  4.753
56.7219999999999944.8500000000000005
57.098  4.947
57.474  5.0440000000000005
57.8499999999999945.141
49.1089999999999952.813
49.485  2.91
49.861  3.007
50.2369999999999953.104
50.613  3.201
50.989  3.298
51.3649999999999953.395
51.741  3.492
52.117  3.589
52.4929999999999953.686
52.869  3.783
53.245  3.88
53.6209999999999953.9770000000000003
53.997  4.074
54.373  4.171
54.7489999999999954.268
55.125  4.365
55.501  4.462
55.8769999999999954.559
56.253  4.656000000000001
56.629  4.753
57.0049999999999954.8500000000000005
57.381  4.947
57.757  5.0440000000000005
49.3919999999999962.813
49.768  2.91
50.144  3.007
50.5199999999999963.104
50.896  3.201
51.272  3.298
51.6479999999999963.395
52.024  3.492
52.4    3.589
52.7759999999999963.686
53.152  3.783
53.528  3.88
53.9039999999999963.9770000000000003
54.28   4.074
54.656  4.171
55.032  4.268
55.408  4.365
55.784  4.462
56.16   4.559
56.536  4.656000000000001
56.912  4.753
57.288  4.8500000000000005
57.664  4.947
58.04   5.0440000000000005
49.675  2.813
50.0509999999999952.91
50.426999999999993.007
50.803  3.104
51.1789999999999953.201
51.554999999999993.298
51.931  3.395
52.3069999999999953.492
52.682999999999993.589
53.059  3.686
53.4349999999999953.783
53.810999999999993.88
54.187  3.9770000000000003
54.5629999999999954.074
54.938999999999994.171
55.315  4.268
55.6909999999999954.365
56.066999999999994.462
56.443  4.559
56.8189999999999964.656000000000001
57.194999999999994.753
57.571  4.8500000000000005
57.946999999999994.947
50.3339999999999962.91
50.7099999999999943.007
51.086  3.104
51.4619999999999963.201
51.8379999999999943.298
52.214  3.395
52.5899999999999963.492
52.9659999999999943.589
53.342  3.686
53.7179999999999963.783
54.0939999999999943.88
54.47   3.9770000000000003
54.846  4.074
55.2219999999999944.171
55.598  4.268
55.974  4.365
56.3499999999999944.462
56.726  4.559
57.102  4.656000000000001
57.4779999999999944.753
57.854  4.8500000000000005
50.617  2.91
50.9929999999999953.007
51.369  3.104
51.745  3.201
52.1209999999999953.298
52.497  3.395
52.873  3.492
53.2489999999999953.589
53.625  3.686
54.001  3.783
54.3769999999999953.88
54.753  3.9770000000000003
55.129  4.074
55.5049999999999954.171
55.881  4.268
56.257  4.365
56.6329999999999964.462
57.009  4.559
57.385  4.656000000000001
57.7609999999999964.753
51.2759999999999963.007
51.652  3.104
52.028  3.201
52.4039999999999963.298
52.78   3.395
53.156  3.492
53.532  3.589
53.908  3.686
54.284  3.783
54.66   3.88
55.036  3.9770000000000003
55.412  4.074
55.788  4.171
56.164  4.268
56.54   4.365
56.916  4.462
57.292  4.559
57.668  4.656000000000001
51.559  3.007
51.935  3.104
52.311  3.201
52.687  3.298
53.063  3.395
53.439  3.492
53.815  3.589
54.191  3.686
54.567  3.783
54.943  3.88
55.319  3.9770000000000003
55.695  4.074
56.071  4.171
56.447  4.268
56.823  4.365
57.199  4.462
57.575  4.559
57.951  4.656000000000001
51.841999999999993.007
52.217999999999993.104
52.5939999999999943.201
52.969999999999993.298
53.345999999999993.395
53.7219999999999943.492
54.097999999999993.589
54.473999999999993.686
54.8499999999999943.783
55.225999999999993.88
55.601999999999993.9770000000000003
55.9779999999999944.074
56.353999999999994.171
56.729999999999994.268
57.1059999999999954.365
57.481999999999994.462
57.857999999999994.559
52.500999999999993.104
52.8769999999999953.201
53.252999999999993.298
53.628999999999993.395
54.0049999999999953.492
54.380999999999993.589
54.756999999999993.686
55.1329999999999963.783
55.508999999999993.88
55.884999999999993.9770000000000003
56.2609999999999964.074
56.636999999999994.171
57.012999999999994.268
57.3889999999999964.365
57.764999999999994.462
52.783999999999993.104
53.16   3.201
53.5359999999999943.298
53.911999999999993.395
54.288  3.492
54.6639999999999943.589
55.039999999999993.686
55.416  3.783
55.7919999999999943.88
56.167999999999993.9770000000000003
56.544  4.074
56.9199999999999954.171
57.295999999999994.268
57.672  4.365
53.443  3.201
53.8189999999999963.298
54.194999999999993.395
54.571  3.492
54.9469999999999963.589
55.322999999999993.686
55.699  3.783
56.0749999999999963.88
56.450999999999993.9770000000000003
56.827  4.074
57.2029999999999964.171
57.578999999999994.268
53.726  3.201
54.102  3.298
54.4779999999999943.395
54.854  3.492
55.23   3.589
55.6059999999999953.686
55.982  3.783
56.358  3.88
56.7339999999999953.9770000000000003
57.11   4.074
57.486  4.171
54.009  3.201
54.385  3.298
54.7609999999999963.395
55.137  3.492
55.513  3.589
55.8889999999999963.686
56.265  3.783
56.641  3.88
57.0169999999999963.9770000000000003
57.393  4.074
57.769  4.171
54.667999999999993.298
55.044  3.395
55.4199999999999953.492
55.795999999999993.589
56.172  3.686
56.5479999999999953.783
56.923999999999993.88
57.3    3.9770000000000003
57.6759999999999954.074
54.950999999999993.298
55.327  3.395
55.7029999999999963.492
56.078999999999993.589
56.455  3.686
56.8309999999999963.783
57.2069999999999943.88
57.583  3.9770000000000003
55.61   3.395
55.986  3.492
56.3619999999999953.589
56.738  3.686
57.114  3.783
57.4899999999999953.88
55.893  3.395
56.269  3.492
56.6449999999999963.589
57.021  3.686
57.397  3.783
56.552  3.492
56.928  3.589
57.304  3.686
56.835  3.492
57.211  3.589
57.587  3.686
57.1179999999999953.492
57.493999999999993.589
