0.566   0.0
0.942   0.097
0.849   0.0
1.225   0.097
1.132   0.0
1.508   0.097
1.41499999999999980.0
1.791   0.097
2.167   0.194
1.698   0.0
2.074   0.097
2.45    0.194
1.98099999999999990.0
2.35699999999999980.097
2.73299999999999970.194
3.109   0.29100000000000004
2.264   0.0
2.63999999999999970.097
3.016   0.194
3.392   0.29100000000000004
3.768   0.388
2.54699999999999970.0
2.92299999999999960.097
3.29899999999999950.194
3.675   0.29100000000000004
4.051   0.388
4.427   0.485
2.82999999999999960.0
3.20599999999999950.097
3.582   0.194
3.95799999999999970.29100000000000004
4.334   0.388
4.7099999999999990.485
5.086   0.5820000000000001
3.11299999999999950.0
3.48899999999999940.097
3.86499999999999930.194
4.241   0.29100000000000004
4.6169999999999990.388
4.9929999999999990.485
5.369   0.5820000000000001
5.7449999999999990.679
3.772   0.097
4.148   0.194
4.524   0.29100000000000004
4.9     0.388
5.276   0.485
5.652   0.5820000000000001
6.02800000000000050.679
6.404   0.776
4.055   0.097
4.431   0.194
4.807   0.29100000000000004
5.183   0.388
5.5589999999999990.485
5.93500000000000050.5820000000000001
6.311   0.679
6.6869999999999990.776
7.063   0.873
4.338   0.097
4.71399999999999950.194
5.09    0.29100000000000004
5.4659999999999990.388
5.842   0.485
6.218   0.5820000000000001
6.5939999999999990.679
6.97    0.776
7.346   0.873
7.72199999999999950.97
4.62099999999999960.097
4.9969999999999990.194
5.3729999999999990.29100000000000004
5.7489999999999990.388
6.1249999999999990.485
6.50099999999999940.5820000000000001
6.8769999999999990.679
7.2529999999999990.776
7.629   0.873
8.0049999999999990.97
4.904   0.097
5.2799999999999990.194
5.656   0.29100000000000004
6.032   0.388
6.40799999999999950.485
6.784   0.5820000000000001
7.16    0.679
7.536   0.776
7.9119999999999990.873
8.288   0.97
8.664   1.067
5.563   0.194
5.939   0.29100000000000004
6.31499999999999950.388
6.691   0.485
7.067   0.5820000000000001
7.443   0.679
7.819   0.776
8.195   0.873
8.571   0.97
8.947   1.067
9.323   1.1640000000000001
5.8459999999999990.194
6.22199999999999950.29100000000000004
6.5979999999999990.388
6.9739999999999990.485
7.35    0.5820000000000001
7.7259999999999990.679
8.102   0.776
8.478   0.873
8.854   0.97
9.23    1.067
9.606   1.1640000000000001
9.982   1.2610000000000001
6.129   0.194
6.505   0.29100000000000004
6.881   0.388
7.257   0.485
7.633   0.5820000000000001
8.009   0.679
8.385   0.776
8.761   0.873
9.137   0.97
9.513   1.067
9.889   1.1640000000000001
10.265  1.2610000000000001
6.4119999999999990.194
6.7879999999999990.29100000000000004
7.164   0.388
7.5399999999999990.485
7.91599999999999950.5820000000000001
8.292   0.679
8.668   0.776
9.0439999999999990.873
9.4199999999999980.97
9.796   1.067
10.172  1.1640000000000001
10.5479999999999981.2610000000000001
10.924  1.358
7.071   0.29100000000000004
7.4469999999999990.388
7.82299999999999950.485
8.199   0.5820000000000001
8.575   0.679
8.951   0.776
9.327   0.873
9.703   0.97
10.079  1.067
10.455  1.1640000000000001
10.831  1.2610000000000001
11.207  1.358
11.5829999999999981.455
7.3539999999999990.29100000000000004
7.7299999999999990.388
8.1059999999999980.485
8.482   0.5820000000000001
8.8579999999999990.679
9.2339999999999980.776
9.61    0.873
9.9859999999999990.97
10.3619999999999981.067
10.738  1.1640000000000001
11.1139999999999991.2610000000000001
11.4899999999999981.358
11.866  1.455
12.2419999999999991.552
7.637   0.29100000000000004
8.013   0.388
8.389   0.485
8.765   0.5820000000000001
9.141   0.679
9.517   0.776
9.8929999999999990.873
10.2689999999999980.97
10.645  1.067
11.021  1.1640000000000001
11.3969999999999981.2610000000000001
11.773  1.358
12.149  1.455
12.5249999999999991.552
7.92    0.29100000000000004
8.296   0.388
8.672   0.485
9.048   0.5820000000000001
9.424   0.679
9.8     0.776
10.176  0.873
10.552  0.97
10.928  1.067
11.304  1.1640000000000001
11.68   1.2610000000000001
12.0560000000000011.358
12.4319999999999991.455
12.808  1.552
13.1840000000000011.649
8.5789999999999990.388
8.9549999999999980.485
9.331   0.5820000000000001
9.7069999999999990.679
10.0829999999999980.776
10.459  0.873
10.8349999999999990.97
11.2109999999999991.067
11.587  1.1640000000000001
11.963  1.2610000000000001
12.3389999999999991.358
12.715  1.455
13.091  1.552
13.4669999999999991.649
13.843  1.746
8.862   0.388
9.238   0.485
9.614   0.5820000000000001
9.99    0.679
10.366  0.776
10.7419999999999990.873
11.1179999999999990.97
11.494  1.067
11.8700000000000011.1640000000000001
12.2459999999999991.2610000000000001
12.622  1.358
12.998  1.455
13.3739999999999991.552
13.75   1.649
14.126  1.746
14.5019999999999991.843
9.145   0.388
9.5209999999999990.485
9.8969999999999980.5820000000000001
10.273  0.679
10.649  0.776
11.0249999999999990.873
11.401  0.97
11.777  1.067
12.1529999999999991.1640000000000001
12.529  1.2610000000000001
12.905  1.358
13.2809999999999991.455
13.657  1.552
14.033  1.649
14.4089999999999991.746
9.8039999999999980.485
10.18   0.5820000000000001
10.556  0.679
10.9319999999999990.776
11.308  0.873
11.684  0.97
12.0599999999999991.067
12.436  1.1640000000000001
12.812  1.2610000000000001
13.1879999999999991.358
13.564  1.455
13.94   1.552
14.3159999999999991.649
10.087  0.485
10.463  0.5820000000000001
10.8389999999999990.679
11.215  0.776
11.591  0.873
11.9669999999999990.97
12.343  1.067
12.719  1.1640000000000001
13.0949999999999991.2610000000000001
13.471  1.358
13.8469999999999981.455
14.2229999999999991.552
14.599  1.649
10.3699999999999970.485
10.7459999999999990.5820000000000001
11.1219999999999980.679
11.4979999999999980.776
11.8739999999999990.873
12.2499999999999980.97
12.6259999999999981.067
13.0019999999999991.1640000000000001
13.3779999999999981.2610000000000001
13.7539999999999981.358
14.1299999999999991.455
14.5059999999999981.552
11.029  0.5820000000000001
11.405  0.679
11.7809999999999990.776
12.157  0.873
12.533  0.97
12.9089999999999991.067
13.285  1.1640000000000001
13.661  1.2610000000000001
14.0369999999999991.358
14.413  1.455
11.312  0.5820000000000001
11.6879999999999990.679
12.064  0.776
12.44   0.873
12.8159999999999990.97
13.192  1.067
13.568  1.1640000000000001
13.9439999999999991.2610000000000001
14.32   1.358
11.9709999999999980.679
12.3469999999999980.776
12.7229999999999990.873
13.0989999999999980.97
13.4749999999999981.067
13.8509999999999991.1640000000000001
14.2269999999999991.2610000000000001
12.254  0.679
12.6299999999999990.776
13.006  0.873
13.382  0.97
13.758  1.067
14.134  1.1640000000000001
14.51   1.2610000000000001
12.5369999999999990.679
12.913  0.776
13.289  0.873
13.665  0.97
14.041  1.067
14.417  1.1640000000000001
13.1959999999999980.776
13.572  0.873
13.9479999999999990.97
14.3239999999999981.067
13.479  0.776
13.8549999999999990.873
14.2309999999999980.97
14.138  0.873
